190840.00,42.30107830,-83.69851350,RTK
190840.10,42.30107820,-83.69851350,RTK
190840.20,42.30107820,-83.69851370,RTK
190840.30,42.30107800,-83.69851370,RTK
190840.40,42.30107780,-83.69851380,RTK
190840.50,42.30107800,-83.69851380,RTK
190840.60,42.30107780,-83.69851380,RTK
190840.70,42.30107780,-83.69851400,RTK
190840.80,42.30107780,-83.69851380,RTK
190840.90,42.30107780,-83.69851380,RTK
190841.00,42.30107780,-83.69851380,RTK
190841.10,42.30107770,-83.69851380,RTK
190841.20,42.30107770,-83.69851380,RTK
190841.30,42.30107770,-83.69851380,RTK
190841.40,42.30107770,-83.69851380,RTK
190841.50,42.30107770,-83.69851370,RTK
190841.60,42.30107770,-83.69851380,RTK
190841.70,42.30107770,-83.69851370,RTK
190841.80,42.30107770,-83.69851370,RTK
190841.90,42.30107770,-83.69851370,RTK
190842.00,42.30107750,-83.69851370,RTK
190842.10,42.30107750,-83.69851370,RTK
190842.20,42.30107750,-83.69851350,RTK
190842.30,42.30107750,-83.69851350,RTK
190842.40,42.30107750,-83.69851350,RTK
190842.50,42.30107750,-83.69851350,RTK
190842.60,42.30107750,-83.69851350,RTK
190842.70,42.30107750,-83.69851330,RTK
190842.80,42.30107750,-83.69851330,RTK
190842.90,42.30107750,-83.69851330,RTK
190843.00,42.30107750,-83.69851330,RTK
190843.10,42.30107750,-83.69851330,RTK
190843.20,42.30107750,-83.69851330,RTK
190843.30,42.30107750,-83.69851320,RTK
190843.40,42.30107750,-83.69851320,RTK
190843.50,42.30107750,-83.69851320,RTK
190843.60,42.30107750,-83.69851320,RTK
190843.70,42.30107750,-83.69851320,RTK
190843.80,42.30107750,-83.69851320,RTK
190843.90,42.30107750,-83.69851320,RTK
190844.00,42.30107750,-83.69851300,RTK
190844.10,42.30107750,-83.69851300,RTK
190844.20,42.30107750,-83.69851300,RTK
190844.30,42.30107750,-83.69851320,RTK
190844.40,42.30107750,-83.69851300,RTK
190844.50,42.30107750,-83.69851320,RTK
190844.60,42.30107750,-83.69851320,RTK
190844.70,42.30107770,-83.69851320,RTK
190844.80,42.30107750,-83.69851320,RTK
190844.90,42.30107750,-83.69851320,RTK
190845.00,42.30107750,-83.69851330,RTK
190845.10,42.30107750,-83.69851330,RTK
190845.20,42.30107750,-83.69851330,RTK
190845.30,42.30107750,-83.69851330,RTK
190845.40,42.30107750,-83.69851330,RTK
190845.50,42.30107750,-83.69851350,RTK
190845.60,42.30107750,-83.69851330,RTK
190845.70,42.30107770,-83.69851350,RTK
190845.80,42.30107750,-83.69851330,RTK
190845.90,42.30107750,-83.69851350,RTK
190846.00,42.30107770,-83.69851350,RTK
190846.10,42.30107770,-83.69851350,RTK
190846.20,42.30107750,-83.69851350,RTK
190846.30,42.30107770,-83.69851350,RTK
190846.40,42.30107770,-83.69851350,RTK
190846.50,42.30107770,-83.69851350,RTK
190846.60,42.30107770,-83.69851330,RTK
190846.70,42.30107750,-83.69851330,RTK
190846.80,42.30107750,-83.69851320,RTK
190846.90,42.30107730,-83.69851320,RTK
190847.00,42.30107730,-83.69851300,RTK
190847.10,42.30107730,-83.69851300,RTK
190847.20,42.30107730,-83.69851300,RTK
190847.30,42.30107730,-83.69851320,RTK
190847.40,42.30107730,-83.69851320,RTK
190847.50,42.30107730,-83.69851320,RTK
190847.60,42.30107730,-83.69851320,RTK
190847.70,42.30107730,-83.69851330,RTK
190847.80,42.30107730,-83.69851330,RTK
190847.90,42.30107730,-83.69851330,RTK
190848.00,42.30107730,-83.69851320,RTK
190848.10,42.30107750,-83.69851330,RTK
190848.20,42.30107730,-83.69851320,RTK
190848.30,42.30107730,-83.69851320,RTK
190848.40,42.30107730,-83.69851320,RTK
190848.50,42.30107730,-83.69851320,RTK
190848.60,42.30107720,-83.69851320,RTK
190848.70,42.30107680,-83.69851330,RTK
190848.80,42.30107670,-83.69851370,RTK
190848.90,42.30107620,-83.69851380,RTK
190849.00,42.30107570,-83.69851420,RTK
190849.10,42.30107520,-83.69851470,RTK
190849.20,42.30107450,-83.69851480,RTK
190849.30,42.30107380,-83.69851520,RTK
190849.40,42.30107330,-83.69851530,RTK
190849.50,42.30107270,-83.69851520,RTK
190849.60,42.30107170,-83.69851500,RTK
190849.70,42.30107070,-83.69851500,RTK
190849.80,42.30106970,-83.69851480,RTK
190849.90,42.30106870,-83.69851500,RTK
190850.00,42.30106800,-83.69851520,RTK
190850.10,42.30106700,-83.69851520,RTK
190850.20,42.30106620,-83.69851520,RTK
190850.30,42.30106520,-83.69851520,RTK
190850.40,42.30106430,-83.69851550,RTK
190850.50,42.30106370,-83.69851530,RTK
190850.60,42.30106320,-83.69851520,RTK
190850.70,42.30106230,-83.69851500,RTK
190850.80,42.30106150,-83.69851500,RTK
190850.90,42.30106070,-83.69851470,RTK
190851.00,42.30105970,-83.69851470,RTK
190851.10,42.30105870,-83.69851500,RTK
190851.20,42.30105800,-83.69851500,RTK
190851.30,42.30105730,-83.69851500,RTK
190851.40,42.30105670,-83.69851500,RTK
190851.50,42.30105600,-83.69851520,RTK
190851.60,42.30105520,-83.69851520,RTK
190851.70,42.30105430,-83.69851530,RTK
190851.80,42.30105380,-83.69851550,RTK
190851.90,42.30105350,-83.69851530,RTK
190852.00,42.30105280,-83.69851520,RTK
190852.10,42.30105180,-83.69851520,RTK
190852.20,42.30105100,-83.69851480,RTK
190852.30,42.30104980,-83.69851480,RTK
190852.40,42.30104900,-83.69851480,RTK
190852.50,42.30104830,-83.69851470,RTK
190852.60,42.30104770,-83.69851470,RTK
190852.70,42.30104720,-83.69851430,RTK
190852.80,42.30104630,-83.69851420,RTK
190852.90,42.30104580,-83.69851400,RTK
190853.00,42.30104500,-83.69851380,RTK
190853.10,42.30104450,-83.69851380,RTK
190853.20,42.30104380,-83.69851350,RTK
190853.30,42.30104320,-83.69851330,RTK
190853.40,42.30104250,-83.69851300,RTK
190853.50,42.30104150,-83.69851250,RTK
190853.60,42.30104030,-83.69851230,RTK
190853.70,42.30103920,-83.69851230,RTK
190853.80,42.30103770,-83.69851250,RTK
190853.90,42.30103670,-83.69851250,RTK
190854.00,42.30103570,-83.69851250,RTK
190854.10,42.30103420,-83.69851230,RTK
190854.20,42.30103300,-83.69851230,RTK
190854.30,42.30103200,-83.69851220,RTK
190854.40,42.30103120,-83.69851200,RTK
190854.50,42.30103030,-83.69851180,RTK
190854.60,42.30102930,-83.69851170,RTK
190854.70,42.30102820,-83.69851170,RTK
190854.80,42.30102680,-83.69851180,RTK
190854.90,42.30102570,-83.69851230,RTK
190855.00,42.30102420,-83.69851270,RTK
190855.10,42.30102300,-83.69851300,Differential
190855.20,42.30102180,-83.69851300,Differential
190855.30,42.30102070,-83.69851320,Differential
190855.40,42.30101930,-83.69851350,RTK
190855.50,42.30101850,-83.69851370,RTK
190855.60,42.30101750,-83.69851370,RTK
190855.70,42.30101650,-83.69851350,RTK
190855.80,42.30101550,-83.69851350,RTK
190855.90,42.30101430,-83.69851350,RTK
190856.00,42.30101300,-83.69851370,RTK
190856.10,42.30101180,-83.69851400,RTK
190856.20,42.30101070,-83.69851420,Differential
190856.30,42.30100950,-83.69851420,Differential
190856.40,42.30100870,-83.69851420,RTK
190856.50,42.30100750,-83.69851430,RTK
190856.60,42.30100670,-83.69851450,RTK
190856.70,42.30100570,-83.69851430,RTK
190856.80,42.30100480,-83.69851420,RTK
190856.90,42.30100400,-83.69851400,RTK
190857.00,42.30100270,-83.69851380,RTK
190857.10,42.30100150,-83.69851380,RTK
190857.20,42.30100050,-83.69851380,RTK
190857.30,42.30099930,-83.69851400,Differential
190857.40,42.30099850,-83.69851380,RTK
190857.50,42.30099770,-83.69851380,RTK
190857.60,42.30099670,-83.69851380,RTK
190857.70,42.30099550,-83.69851400,RTK
190857.80,42.30099450,-83.69851420,RTK
190857.90,42.30099370,-83.69851400,RTK
190858.00,42.30099280,-83.69851380,RTK
190858.10,42.30099150,-83.69851370,RTK
190858.20,42.30099020,-83.69851350,RTK
190858.30,42.30098900,-83.69851350,RTK
190858.40,42.30098770,-83.69851370,RTK
190858.50,42.30098650,-83.69851370,RTK
190858.60,42.30098550,-83.69851380,RTK
190858.70,42.30098430,-83.69851370,RTK
190858.80,42.30098330,-83.69851380,Differential
190858.90,42.30098220,-83.69851400,Differential
190859.00,42.30098150,-83.69851380,Differential
190859.10,42.30098050,-83.69851350,Differential
190859.20,42.30097970,-83.69851330,Differential
190859.30,42.30097850,-83.69851300,Differential
190859.40,42.30097720,-83.69851230,RTK
190859.50,42.30097630,-83.69851180,RTK
190859.60,42.30097530,-83.69851100,Differential
190859.70,42.30097500,-83.69851070,Differential
190859.80,42.30097450,-83.69851030,Differential
190859.90,42.30097370,-83.69851050,Differential
190900.00,42.30097220,-83.69851030,Differential
190900.10,42.30097100,-83.69850980,Differential
190900.20,42.30097030,-83.69850970,Differential
190900.30,42.30096970,-83.69850870,Differential
190900.40,42.30096870,-83.69850800,RTK
190900.50,42.30096750,-83.69850750,RTK
190900.60,42.30096630,-83.69850650,RTK
190900.70,42.30096530,-83.69850550,RTK
190900.80,42.30096430,-83.69850480,RTK
190900.90,42.30096370,-83.69850420,Differential
190901.00,42.30096280,-83.69850400,Differential
190901.10,42.30096200,-83.69850320,Differential
190901.20,42.30096150,-83.69850250,Differential
190901.30,42.30096080,-83.69850200,Differential
190901.40,42.30096030,-83.69850100,RTK
190901.50,42.30095970,-83.69849980,RTK
190901.60,42.30095880,-83.69849870,Differential
190901.70,42.30095780,-83.69849800,Differential
190901.80,42.30095680,-83.69849800,Differential
190901.90,42.30095550,-83.69849750,Differential
190902.00,42.30095420,-83.69849870,Differential
190902.10,42.30095300,-83.69849950,Differential
190902.20,42.30095180,-83.69850050,Differential
190902.30,42.30095070,-83.69850080,Differential
190902.40,42.30094970,-83.69850150,RTK
190902.50,42.30094830,-83.69850200,RTK
190902.60,42.30094700,-83.69850250,RTK
190902.70,42.30094550,-83.69850350,RTK
190902.80,42.30094400,-83.69850470,RTK
190902.90,42.30094300,-83.69850570,RTK
190903.00,42.30094170,-83.69850650,RTK
190903.10,42.30094050,-83.69850730,RTK
190903.20,42.30093950,-83.69850800,Differential
190903.30,42.30093830,-83.69850870,Differential
190903.40,42.30093730,-83.69850930,RTK
190903.50,42.30093620,-83.69850980,RTK
190903.60,42.30093500,-83.69851020,RTK
190903.70,42.30093350,-83.69851070,RTK
190903.80,42.30093220,-83.69851130,RTK
190903.90,42.30093100,-83.69851180,RTK
190904.00,42.30092980,-83.69851250,RTK
190904.10,42.30092870,-83.69851320,RTK
190904.20,42.30092730,-83.69851330,RTK
190904.30,42.30092620,-83.69851370,RTK
190904.40,42.30092530,-83.69851430,RTK
190904.50,42.30092450,-83.69851430,RTK
190904.60,42.30092330,-83.69851450,RTK
190904.70,42.30092220,-83.69851470,RTK
190904.80,42.30092080,-83.69851480,RTK
190904.90,42.30091930,-83.69851520,RTK
190905.00,42.30091800,-83.69851570,RTK
190905.10,42.30091670,-83.69851620,RTK
190905.20,42.30091520,-83.69851650,RTK
190905.30,42.30091400,-83.69851680,RTK
190905.40,42.30091280,-83.69851720,RTK
190905.50,42.30091170,-83.69851770,RTK
190905.60,42.30091070,-83.69851770,RTK
190905.70,42.30090970,-83.69851780,RTK
190905.80,42.30090830,-83.69851780,RTK
190905.90,42.30090670,-83.69851800,RTK
190906.00,42.30090480,-83.69851800,RTK
190906.10,42.30090320,-83.69851850,RTK
190906.20,42.30090150,-83.69851880,RTK
190906.30,42.30089970,-83.69851920,Differential
190906.40,42.30089780,-83.69851920,RTK
190906.50,42.30089650,-83.69851930,RTK
190906.60,42.30089530,-83.69851970,RTK
190906.70,42.30089420,-83.69851950,RTK
190906.80,42.30089270,-83.69851950,RTK
190906.90,42.30089120,-83.69851950,RTK
190907.00,42.30088920,-83.69851950,RTK
190907.10,42.30088730,-83.69852020,RTK
190907.20,42.30088570,-83.69852050,RTK
190907.30,42.30088380,-83.69852100,RTK
190907.40,42.30088200,-83.69852120,RTK
190907.50,42.30088070,-83.69852120,RTK
190907.60,42.30087970,-83.69852130,RTK
190907.70,42.30087870,-83.69852120,RTK
190907.80,42.30087670,-83.69852080,RTK
190907.90,42.30087530,-83.69852070,RTK
190908.00,42.30087350,-83.69852070,RTK
190908.10,42.30087180,-83.69852130,RTK
190908.20,42.30087020,-83.69852200,RTK
190908.30,42.30086850,-83.69852230,Differential
190908.40,42.30086700,-83.69852250,RTK
190908.50,42.30086550,-83.69852320,RTK
190908.60,42.30086420,-83.69852330,RTK
190908.70,42.30086280,-83.69852350,RTK
190908.80,42.30086100,-83.69852370,RTK
190908.90,42.30085970,-83.69852380,RTK
190909.00,42.30085800,-83.69852420,RTK
190909.10,42.30085600,-83.69852480,RTK
190909.20,42.30085450,-83.69852570,RTK
190909.30,42.30085250,-83.69852650,RTK
190909.40,42.30085070,-83.69852730,RTK
190909.50,42.30084930,-83.69852780,RTK
190909.60,42.30084800,-83.69852870,RTK
190909.70,42.30084680,-83.69852920,RTK
190909.80,42.30084530,-83.69853000,RTK
190909.90,42.30084370,-83.69853070,RTK
190910.00,42.30084220,-83.69853150,RTK
190910.10,42.30084080,-83.69853270,RTK
190910.20,42.30083950,-83.69853420,Differential
190910.30,42.30083800,-83.69853520,Differential
190910.40,42.30083680,-83.69853630,RTK
190910.50,42.30083550,-83.69853750,RTK
190910.60,42.30083430,-83.69853820,RTK
190910.70,42.30083350,-83.69853880,RTK
190910.80,42.30083250,-83.69853950,Differential
190910.90,42.30083150,-83.69854000,Differential
190911.00,42.30083000,-83.69854100,Differential
190911.10,42.30082900,-83.69854230,Differential
190911.20,42.30082800,-83.69854420,Differential
190911.30,42.30082730,-83.69854530,Differential
190911.40,42.30082670,-83.69854620,RTK
190911.50,42.30082600,-83.69854720,RTK
190911.60,42.30082500,-83.69854870,RTK
190911.70,42.30082430,-83.69855000,RTK
190911.80,42.30082350,-83.69855150,RTK
190911.90,42.30082270,-83.69855330,RTK
190912.00,42.30082180,-83.69855500,RTK
190912.10,42.30082100,-83.69855700,RTK
190912.20,42.30082030,-83.69855870,RTK
190912.30,42.30081980,-83.69856080,RTK
190912.40,42.30081920,-83.69856320,RTK
190912.50,42.30081900,-83.69856570,RTK
190912.60,42.30081850,-83.69856750,RTK
190912.70,42.30081850,-83.69856920,RTK
190912.80,42.30081800,-83.69857080,Differential
190912.90,42.30081770,-83.69857250,Differential
190913.00,42.30081700,-83.69857470,Differential
190913.10,42.30081680,-83.69857680,Differential
190913.20,42.30081700,-83.69857880,Differential
190913.30,42.30081700,-83.69858070,Differential
190913.40,42.30081700,-83.69858280,RTK
190913.50,42.30081680,-83.69858480,RTK
190913.60,42.30081670,-83.69858720,RTK
190913.70,42.30081670,-83.69858880,RTK
190913.80,42.30081630,-83.69859070,RTK
190913.90,42.30081620,-83.69859230,RTK
190914.00,42.30081620,-83.69859400,RTK
190914.10,42.30081600,-83.69859620,RTK
190914.20,42.30081550,-83.69859830,Differential
190914.30,42.30081570,-83.69860020,Differential
190914.40,42.30081570,-83.69860200,RTK
190914.50,42.30081570,-83.69860420,RTK
190914.60,42.30081550,-83.69860650,RTK
190914.70,42.30081550,-83.69860830,RTK
190914.80,42.30081550,-83.69861020,RTK
190914.90,42.30081550,-83.69861180,RTK
190915.00,42.30081550,-83.69861370,RTK
190915.10,42.30081530,-83.69861570,RTK
190915.20,42.30081530,-83.69861770,RTK
190915.30,42.30081550,-83.69861930,RTK
190915.40,42.30081570,-83.69862100,RTK
190915.50,42.30081580,-83.69862280,RTK
190915.60,42.30081600,-83.69862470,RTK
190915.70,42.30081600,-83.69862670,RTK
190915.80,42.30081580,-83.69862830,RTK
190915.90,42.30081620,-83.69862970,RTK
190916.00,42.30081630,-83.69863100,RTK
190916.10,42.30081650,-83.69863280,RTK
190916.20,42.30081650,-83.69863470,Differential
190916.30,42.30081650,-83.69863670,Differential
190916.40,42.30081650,-83.69863870,RTK
190916.50,42.30081630,-83.69864030,RTK
190916.60,42.30081630,-83.69864220,RTK
190916.70,42.30081650,-83.69864420,RTK
190916.80,42.30081630,-83.69864600,RTK
190916.90,42.30081630,-83.69864770,RTK
190917.00,42.30081650,-83.69864900,RTK
190917.10,42.30081650,-83.69865080,RTK
190917.20,42.30081620,-83.69865220,RTK
190917.30,42.30081630,-83.69865330,RTK
190917.40,42.30081600,-83.69865580,RTK
190917.50,42.30081570,-83.69865800,RTK
190917.60,42.30081570,-83.69866020,RTK
190917.70,42.30081530,-83.69866230,RTK
190917.80,42.30081570,-83.69866450,RTK
190917.90,42.30081570,-83.69866630,RTK
190918.00,42.30081570,-83.69866800,RTK
190918.10,42.30081530,-83.69866950,RTK
190918.20,42.30081550,-83.69867150,RTK
190918.30,42.30081570,-83.69867330,RTK
190918.40,42.30081570,-83.69867570,RTK
190918.50,42.30081580,-83.69867750,RTK
190918.60,42.30081580,-83.69867930,RTK
190918.70,42.30081580,-83.69868080,RTK
190918.80,42.30081620,-83.69868270,RTK
190918.90,42.30081620,-83.69868470,RTK
190919.00,42.30081630,-83.69868630,RTK
190919.10,42.30081620,-83.69868780,RTK
190919.20,42.30081620,-83.69868930,RTK
190919.30,42.30081620,-83.69869150,RTK
190919.40,42.30081620,-83.69869370,RTK
190919.50,42.30081620,-83.69869550,RTK
190919.60,42.30081620,-83.69869750,RTK
190919.70,42.30081620,-83.69869930,RTK
190919.80,42.30081620,-83.69870130,RTK
190919.90,42.30081650,-83.69870350,RTK
190920.00,42.30081670,-83.69870530,RTK
190920.10,42.30081650,-83.69870720,RTK
190920.20,42.30081630,-83.69870850,RTK
190920.30,42.30081630,-83.69871020,RTK
190920.40,42.30081630,-83.69871230,RTK
190920.50,42.30081650,-83.69871430,RTK
190920.60,42.30081650,-83.69871650,RTK
190920.70,42.30081670,-83.69871820,RTK
190920.80,42.30081680,-83.69872020,RTK
190920.90,42.30081700,-83.69872220,RTK
190921.00,42.30081730,-83.69872380,RTK
190921.10,42.30081780,-83.69872500,RTK
190921.20,42.30081820,-83.69872630,RTK
190921.30,42.30081830,-83.69872800,RTK
190921.40,42.30081870,-83.69873030,RTK
190921.50,42.30081900,-83.69873250,RTK
190921.60,42.30081950,-83.69873470,RTK
190921.70,42.30082000,-83.69873670,RTK
190921.80,42.30082030,-83.69873900,RTK
190921.90,42.30082080,-83.69874120,RTK
190922.00,42.30082130,-83.69874350,RTK
190922.10,42.30082180,-83.69874530,RTK
190922.20,42.30082220,-83.69874670,Differential
190922.30,42.30082250,-83.69874830,Differential
190922.40,42.30082230,-83.69875150,RTK
190922.50,42.30082280,-83.69875370,RTK
190922.60,42.30082350,-83.69875570,RTK
190922.70,42.30082400,-83.69875730,Differential
190922.80,42.30082470,-83.69875880,Differential
190922.90,42.30082530,-83.69876030,Differential
190923.00,42.30082600,-83.69876200,Differential
190923.10,42.30082650,-83.69876320,Differential
190923.20,42.30082720,-83.69876430,Differential
190923.30,42.30082770,-83.69876520,Differential
190923.40,42.30082800,-83.69876650,RTK
190923.50,42.30082870,-83.69876800,RTK
190923.60,42.30082920,-83.69876970,RTK
190923.70,42.30082980,-83.69877100,RTK
190923.80,42.30083020,-83.69877220,RTK
190923.90,42.30083050,-83.69877300,RTK
190924.00,42.30083100,-83.69877400,RTK
190924.10,42.30083150,-83.69877450,RTK
190924.20,42.30083180,-83.69877480,RTK
190924.30,42.30083230,-83.69877570,Differential
190924.40,42.30083280,-83.69877630,RTK
190924.50,42.30083320,-83.69877670,RTK
190924.60,42.30083350,-83.69877750,RTK
190924.70,42.30083380,-83.69877800,RTK
190924.80,42.30083430,-83.69877900,RTK
190924.90,42.30083470,-83.69877980,RTK
190925.00,42.30083520,-83.69878020,RTK
190925.10,42.30083530,-83.69878050,RTK
190925.20,42.30083580,-83.69878070,RTK
190925.30,42.30083630,-83.69878100,RTK
190925.40,42.30083680,-83.69878100,RTK
190925.50,42.30083730,-83.69878080,RTK
190925.60,42.30083820,-83.69878100,RTK
190925.70,42.30083830,-83.69878080,RTK
190925.80,42.30083880,-83.69878070,RTK
190925.90,42.30083920,-83.69878070,RTK
190926.00,42.30083930,-83.69878080,RTK
190926.10,42.30083950,-83.69878100,RTK
190926.20,42.30083970,-83.69878100,RTK
190926.30,42.30083980,-83.69878130,RTK
190926.40,42.30084020,-83.69878150,RTK
190926.50,42.30084020,-83.69878170,RTK
190926.60,42.30084030,-83.69878170,RTK
190926.70,42.30084030,-83.69878170,RTK
190926.80,42.30084030,-83.69878180,RTK
190926.90,42.30084050,-83.69878180,RTK
190927.00,42.30084050,-83.69878180,RTK
190927.10,42.30084070,-83.69878200,RTK
190927.20,42.30084070,-83.69878220,RTK
190927.30,42.30084100,-83.69878230,RTK
190927.40,42.30084130,-83.69878230,RTK
190927.50,42.30084180,-83.69878220,RTK
190927.60,42.30084270,-83.69878220,RTK
190927.70,42.30084350,-83.69878200,RTK
190927.80,42.30084420,-83.69878130,RTK
190927.90,42.30084530,-83.69878100,RTK
190928.00,42.30084630,-83.69878050,RTK
190928.10,42.30084720,-83.69878050,RTK
190928.20,42.30084820,-83.69878050,RTK
190928.30,42.30084970,-83.69878070,RTK
190928.40,42.30085120,-83.69878100,RTK
190928.50,42.30085270,-83.69878070,RTK
190928.60,42.30085400,-83.69878070,RTK
190928.70,42.30085530,-83.69878050,RTK
190928.80,42.30085630,-83.69878030,RTK
190928.90,42.30085770,-83.69878030,RTK
190929.00,42.30085880,-83.69878000,RTK
190929.10,42.30086000,-83.69877980,RTK
190929.20,42.30086120,-83.69878020,RTK
190929.30,42.30086220,-83.69878030,RTK
190929.40,42.30086330,-83.69878050,RTK
190929.50,42.30086470,-83.69878070,RTK
190929.60,42.30086580,-83.69878080,RTK
190929.70,42.30086700,-83.69878070,RTK
190929.80,42.30086830,-83.69878020,RTK
190929.90,42.30086930,-83.69878030,RTK
190930.00,42.30087070,-83.69878030,RTK
190930.10,42.30087180,-83.69878020,RTK
190930.20,42.30087320,-83.69878020,RTK
190930.30,42.30087430,-83.69878020,RTK
190930.40,42.30087530,-83.69878050,RTK
190930.50,42.30087670,-83.69878070,RTK
190930.60,42.30087820,-83.69878050,RTK
190930.70,42.30087900,-83.69877980,RTK
190930.80,42.30088030,-83.69877980,RTK
190930.90,42.30088180,-83.69877970,RTK
190931.00,42.30088300,-83.69877930,RTK
190931.10,42.30088450,-83.69877920,RTK
190931.20,42.30088570,-83.69877900,RTK
190931.30,42.30088700,-83.69877870,RTK
190931.40,42.30088820,-83.69877870,RTK
190931.50,42.30088930,-83.69877880,RTK
190931.60,42.30089080,-83.69877920,RTK
190931.70,42.30089220,-83.69877950,RTK
190931.80,42.30089330,-83.69877930,RTK
190931.90,42.30089420,-83.69877900,RTK
190932.00,42.30089550,-83.69877920,RTK
190932.10,42.30089700,-83.69877930,RTK
190932.20,42.30089870,-83.69877950,RTK
190932.30,42.30090020,-83.69877930,RTK
190932.40,42.30090150,-83.69877930,RTK
190932.50,42.30090270,-83.69877930,RTK
190932.60,42.30090420,-83.69877930,RTK
190932.70,42.30090550,-83.69877950,RTK
190932.80,42.30090680,-83.69877920,RTK
190932.90,42.30090820,-83.69877900,RTK
190933.00,42.30090950,-83.69877870,RTK
190933.10,42.30091080,-83.69877830,RTK
190933.20,42.30091230,-83.69877820,RTK
190933.30,42.30091370,-83.69877770,RTK
190933.40,42.30091480,-83.69877730,RTK
190933.50,42.30091600,-83.69877680,RTK
190933.60,42.30091720,-83.69877680,RTK
190933.70,42.30091850,-83.69877670,RTK
190933.80,42.30092000,-83.69877670,RTK
190933.90,42.30092130,-83.69877650,RTK
190934.00,42.30092250,-83.69877650,RTK
190934.10,42.30092370,-83.69877650,RTK
190934.20,42.30092480,-83.69877650,RTK
190934.30,42.30092620,-83.69877630,RTK
190934.40,42.30092730,-83.69877600,RTK
190934.50,42.30092850,-83.69877570,RTK
190934.60,42.30092980,-83.69877530,RTK
190934.70,42.30093100,-83.69877500,RTK
190934.80,42.30093230,-83.69877500,RTK
190934.90,42.30093380,-83.69877480,RTK
190935.00,42.30093520,-83.69877470,RTK
190935.10,42.30093650,-83.69877430,RTK
190935.20,42.30093780,-83.69877420,RTK
190935.30,42.30093950,-83.69877430,RTK
190935.40,42.30094080,-83.69877380,RTK
190935.50,42.30094220,-83.69877350,RTK
190935.60,42.30094330,-83.69877330,RTK
190935.70,42.30094450,-83.69877320,RTK
190935.80,42.30094580,-83.69877300,RTK
190935.90,42.30094720,-83.69877320,RTK
190936.00,42.30094870,-83.69877320,RTK
190936.10,42.30095030,-83.69877280,RTK
190936.20,42.30095170,-83.69877270,RTK
190936.30,42.30095330,-83.69877250,RTK
190936.40,42.30095480,-83.69877220,RTK
190936.50,42.30095630,-83.69877200,RTK
190936.60,42.30095770,-83.69877180,RTK
190936.70,42.30095900,-83.69877150,RTK
190936.80,42.30096020,-83.69877150,RTK
190936.90,42.30096180,-83.69877130,RTK
190937.00,42.30096330,-83.69877100,RTK
190937.10,42.30096480,-83.69877070,RTK
190937.20,42.30096650,-83.69877030,RTK
190937.30,42.30096780,-83.69876970,RTK
190937.40,42.30096930,-83.69876930,RTK
190937.50,42.30097050,-83.69876870,RTK
190937.60,42.30097220,-83.69876820,RTK
190937.70,42.30097330,-83.69876750,RTK
190937.80,42.30097450,-83.69876750,RTK
190937.90,42.30097580,-83.69876720,RTK
190938.00,42.30097730,-83.69876720,RTK
190938.10,42.30097880,-83.69876720,RTK
190938.20,42.30098020,-83.69876700,RTK
190938.30,42.30098180,-83.69876680,RTK
190938.40,42.30098320,-83.69876670,RTK
190938.50,42.30098480,-83.69876650,RTK
190938.60,42.30098620,-83.69876630,RTK
190938.70,42.30098730,-83.69876600,RTK
190938.80,42.30098870,-83.69876580,RTK
190938.90,42.30099000,-83.69876580,RTK
190939.00,42.30099150,-83.69876580,RTK
190939.10,42.30099300,-83.69876580,RTK
190939.20,42.30099450,-83.69876570,RTK
190939.30,42.30099600,-83.69876530,RTK
190939.40,42.30099750,-83.69876520,RTK
190939.50,42.30099900,-83.69876500,RTK
190939.60,42.30100050,-83.69876470,RTK
190939.70,42.30100180,-83.69876450,RTK
190939.80,42.30100320,-83.69876430,RTK
190939.90,42.30100430,-83.69876430,RTK
190940.00,42.30100580,-83.69876430,RTK
190940.10,42.30100720,-83.69876430,RTK
190940.20,42.30100880,-83.69876420,RTK
190940.30,42.30101020,-83.69876380,RTK
190940.40,42.30101170,-83.69876330,RTK
190940.50,42.30101320,-83.69876300,RTK
190940.60,42.30101480,-83.69876270,RTK
190940.70,42.30101620,-83.69876180,RTK
190940.80,42.30101750,-83.69876170,RTK
190940.90,42.30101870,-83.69876150,RTK
190941.00,42.30102020,-83.69876150,RTK
190941.10,42.30102170,-83.69876150,RTK
190941.20,42.30102320,-83.69876120,RTK
190941.30,42.30102480,-83.69876080,RTK
190941.40,42.30102630,-83.69876030,RTK
190941.50,42.30102770,-83.69875980,RTK
190941.60,42.30102930,-83.69875930,RTK
190941.70,42.30103070,-83.69875880,RTK
190941.80,42.30103200,-83.69875780,RTK
190941.90,42.30103320,-83.69875720,RTK
190942.00,42.30103470,-83.69875630,RTK
190942.10,42.30103620,-83.69875550,RTK
190942.20,42.30103770,-83.69875430,RTK
190942.30,42.30103920,-83.69875300,RTK
190942.40,42.30104000,-83.69875150,RTK
190942.50,42.30104130,-83.69874980,RTK
190942.60,42.30104250,-83.69874820,RTK
190942.70,42.30104330,-83.69874680,RTK
190942.80,42.30104420,-83.69874550,RTK
190942.90,42.30104480,-83.69874420,RTK
190943.00,42.30104570,-83.69874280,RTK
190943.10,42.30104680,-83.69874130,RTK
190943.20,42.30104820,-83.69873980,RTK
190943.30,42.30104880,-83.69873820,RTK
190943.40,42.30104950,-83.69873650,RTK
190943.50,42.30105020,-83.69873450,RTK
190943.60,42.30105050,-83.69873230,RTK
190943.70,42.30105080,-83.69873030,RTK
190943.80,42.30105120,-83.69872830,RTK
190943.90,42.30105150,-83.69872680,RTK
190944.00,42.30105200,-83.69872520,RTK
190944.10,42.30105230,-83.69872330,RTK
190944.20,42.30105280,-83.69872150,RTK
190944.30,42.30105300,-83.69871950,RTK
190944.40,42.30105320,-83.69871750,RTK
190944.50,42.30105330,-83.69871550,RTK
190944.60,42.30105330,-83.69871370,RTK
190944.70,42.30105320,-83.69871150,RTK
190944.80,42.30105330,-83.69870930,RTK
190944.90,42.30105320,-83.69870730,RTK
190945.00,42.30105320,-83.69870570,RTK
190945.10,42.30105330,-83.69870380,RTK
190945.20,42.30105320,-83.69870180,RTK
190945.30,42.30105350,-83.69869970,RTK
190945.40,42.30105370,-83.69869770,RTK
190945.50,42.30105370,-83.69869580,RTK
190945.60,42.30105370,-83.69869420,RTK
190945.70,42.30105370,-83.69869220,RTK
190945.80,42.30105350,-83.69869000,RTK
190945.90,42.30105350,-83.69868820,RTK
190946.00,42.30105330,-83.69868630,RTK
190946.10,42.30105330,-83.69868470,RTK
190946.20,42.30105330,-83.69868300,RTK
190946.30,42.30105370,-83.69868120,RTK
190946.40,42.30105380,-83.69867920,RTK
190946.50,42.30105380,-83.69867720,RTK
190946.60,42.30105380,-83.69867530,RTK
190946.70,42.30105370,-83.69867350,RTK
190946.80,42.30105370,-83.69867170,RTK
190946.90,42.30105370,-83.69866980,RTK
190947.00,42.30105370,-83.69866770,RTK
190947.10,42.30105350,-83.69866600,RTK
190947.20,42.30105370,-83.69866430,RTK
190947.30,42.30105370,-83.69866250,RTK
190947.40,42.30105370,-83.69866050,RTK
190947.50,42.30105380,-83.69865850,RTK
190947.60,42.30105400,-83.69865650,RTK
190947.70,42.30105400,-83.69865480,RTK
190947.80,42.30105380,-83.69865300,RTK
190947.90,42.30105380,-83.69865120,RTK
190948.00,42.30105370,-83.69864920,RTK
190948.10,42.30105350,-83.69864770,RTK
190948.20,42.30105330,-83.69864600,RTK
190948.30,42.30105350,-83.69864430,RTK
190948.40,42.30105330,-83.69864270,RTK
190948.50,42.30105330,-83.69864080,RTK
190948.60,42.30105350,-83.69863870,RTK
190948.70,42.30105330,-83.69863700,RTK
190948.80,42.30105330,-83.69863530,RTK
190948.90,42.30105320,-83.69863370,RTK
190949.00,42.30105330,-83.69863200,RTK
190949.10,42.30105330,-83.69863030,RTK
190949.20,42.30105330,-83.69862870,RTK
190949.30,42.30105350,-83.69862730,RTK
190949.40,42.30105350,-83.69862550,RTK
190949.50,42.30105330,-83.69862380,RTK
190949.60,42.30105350,-83.69862220,RTK
190949.70,42.30105330,-83.69862000,RTK
190949.80,42.30105320,-83.69861830,RTK
190949.90,42.30105320,-83.69861680,RTK
190950.00,42.30105280,-83.69861530,RTK
190950.10,42.30105250,-83.69861350,RTK
190950.20,42.30105230,-83.69861170,RTK
190950.30,42.30105220,-83.69861000,RTK
190950.40,42.30105200,-83.69860870,RTK
190950.50,42.30105170,-83.69860700,RTK
190950.60,42.30105170,-83.69860520,RTK
190950.70,42.30105170,-83.69860330,RTK
190950.80,42.30105170,-83.69860150,RTK
190950.90,42.30105170,-83.69860030,RTK
190951.00,42.30105130,-83.69859850,RTK
190951.10,42.30105120,-83.69859700,RTK
190951.20,42.30105100,-83.69859530,RTK
190951.30,42.30105100,-83.69859370,RTK
190951.40,42.30105080,-83.69859200,RTK
190951.50,42.30105070,-83.69859050,RTK
190951.60,42.30105070,-83.69858900,RTK
190951.70,42.30105070,-83.69858730,RTK
190951.80,42.30105080,-83.69858570,RTK
190951.90,42.30105070,-83.69858380,RTK
190952.00,42.30105050,-83.69858230,RTK
190952.10,42.30105050,-83.69858120,RTK
190952.20,42.30105050,-83.69857950,RTK
190952.30,42.30105030,-83.69857780,RTK
190952.40,42.30105020,-83.69857630,RTK
190952.50,42.30104980,-83.69857470,RTK
190952.60,42.30104970,-83.69857330,RTK
190952.70,42.30104970,-83.69857200,RTK
190952.80,42.30104950,-83.69857050,RTK
190952.90,42.30104950,-83.69856900,RTK
190953.00,42.30104950,-83.69856730,RTK
190953.10,42.30104930,-83.69856550,RTK
190953.20,42.30104930,-83.69856420,RTK
190953.30,42.30104920,-83.69856270,RTK
190953.40,42.30104900,-83.69856120,RTK
190953.50,42.30104880,-83.69855950,RTK
190953.60,42.30104870,-83.69855780,RTK
190953.70,42.30104870,-83.69855630,RTK
190953.80,42.30104870,-83.69855520,RTK
190953.90,42.30104880,-83.69855370,RTK
190954.00,42.30104900,-83.69855220,RTK
190954.10,42.30104920,-83.69855050,RTK
190954.20,42.30104930,-83.69854900,RTK
190954.30,42.30104920,-83.69854770,RTK
190954.40,42.30104930,-83.69854630,RTK
190954.50,42.30104930,-83.69854480,RTK
190954.60,42.30104930,-83.69854300,RTK
190954.70,42.30104930,-83.69854170,RTK
190954.80,42.30104930,-83.69854020,RTK
190954.90,42.30104950,-83.69853870,RTK
190955.00,42.30104970,-83.69853730,RTK
190955.10,42.30104980,-83.69853580,RTK
190955.20,42.30104980,-83.69853420,RTK
190955.30,42.30105030,-83.69853220,RTK
190955.40,42.30105030,-83.69853030,RTK
190955.50,42.30105050,-83.69852920,RTK
190955.60,42.30105070,-83.69852750,RTK
190955.70,42.30105070,-83.69852630,RTK
190955.80,42.30105100,-83.69852480,RTK
190955.90,42.30105100,-83.69852330,RTK
190956.00,42.30105130,-83.69852220,RTK
190956.10,42.30105150,-83.69852080,RTK
190956.20,42.30105170,-83.69851930,RTK
190956.30,42.30105220,-83.69851780,RTK
190956.40,42.30105250,-83.69851630,RTK
190956.50,42.30105270,-83.69851450,RTK
190956.60,42.30105250,-83.69851300,RTK
190956.70,42.30105270,-83.69851170,RTK
190956.80,42.30105270,-83.69851030,RTK
190956.90,42.30105270,-83.69850880,RTK
190957.00,42.30105280,-83.69850750,RTK
190957.10,42.30105280,-83.69850670,RTK
190957.20,42.30105280,-83.69850550,RTK
190957.30,42.30105280,-83.69850430,RTK
190957.40,42.30105280,-83.69850350,RTK
190957.50,42.30105280,-83.69850220,RTK
190957.60,42.30105300,-83.69850100,RTK
190957.70,42.30105300,-83.69850020,RTK
190957.80,42.30105280,-83.69849950,RTK
190957.90,42.30105280,-83.69849880,RTK
190958.00,42.30105280,-83.69849830,RTK
190958.10,42.30105270,-83.69849800,RTK
190958.20,42.30105270,-83.69849780,RTK
190958.30,42.30105250,-83.69849770,RTK
190958.40,42.30105230,-83.69849770,RTK
190958.50,42.30105230,-83.69849750,RTK
190958.60,42.30105220,-83.69849750,RTK
190958.70,42.30105220,-83.69849750,RTK
190958.80,42.30105200,-83.69849750,RTK
190958.90,42.30105200,-83.69849750,RTK
190959.00,42.30105200,-83.69849750,RTK
190959.10,42.30105200,-83.69849750,RTK
190959.20,42.30105200,-83.69849750,RTK
190959.30,42.30105180,-83.69849750,RTK
190959.40,42.30105180,-83.69849750,RTK
190959.50,42.30105170,-83.69849770,RTK
190959.60,42.30105170,-83.69849770,RTK
190959.70,42.30105170,-83.69849770,RTK
190959.80,42.30105170,-83.69849770,RTK
190959.90,42.30105170,-83.69849770,RTK
191000.00,42.30105150,-83.69849770,RTK
191000.10,42.30105150,-83.69849770,RTK
191000.20,42.30105150,-83.69849780,RTK
191000.30,42.30105150,-83.69849770,RTK
191000.40,42.30105150,-83.69849780,RTK
191000.50,42.30105130,-83.69849800,RTK
191000.60,42.30105130,-83.69849800,RTK
191000.70,42.30105130,-83.69849820,RTK
191000.80,42.30105130,-83.69849820,RTK
191000.90,42.30105130,-83.69849830,RTK
191001.00,42.30105130,-83.69849830,RTK
191001.10,42.30105150,-83.69849830,RTK
191001.20,42.30105180,-83.69849830,RTK
191001.30,42.30105200,-83.69849830,RTK
191001.40,42.30105180,-83.69849800,RTK
191001.50,42.30105180,-83.69849800,RTK
191001.60,42.30105170,-83.69849750,RTK
191001.70,42.30105150,-83.69849700,RTK
191001.80,42.30105150,-83.69849650,RTK
191001.90,42.30105130,-83.69849580,RTK
191002.00,42.30105120,-83.69849520,RTK
191002.10,42.30105120,-83.69849450,RTK
191002.20,42.30105120,-83.69849420,RTK
191002.30,42.30105120,-83.69849370,RTK
191002.40,42.30105050,-83.69849370,RTK
191002.50,42.30105050,-83.69849300,RTK
191002.60,42.30105070,-83.69849220,RTK
191002.70,42.30105050,-83.69849150,RTK
191002.80,42.30105050,-83.69849080,RTK
191002.90,42.30105030,-83.69849030,RTK
191003.00,42.30105020,-83.69849000,RTK
191003.10,42.30105030,-83.69848980,RTK
191003.20,42.30105020,-83.69848980,RTK
191003.30,42.30105000,-83.69849000,RTK
191003.40,42.30105030,-83.69849030,RTK
191003.50,42.30105070,-83.69849080,RTK
191003.60,42.30105120,-83.69849150,RTK
191003.70,42.30105150,-83.69849180,RTK
191003.80,42.30105200,-83.69849220,RTK
191003.90,42.30105220,-83.69849270,RTK
191004.00,42.30105230,-83.69849270,RTK
191004.10,42.30105250,-83.69849280,RTK
191004.20,42.30105280,-83.69849300,RTK
191004.30,42.30105300,-83.69849300,RTK
191004.40,42.30105330,-83.69849280,RTK
191004.50,42.30105380,-83.69849300,RTK
191004.60,42.30105420,-83.69849300,RTK
191004.70,42.30105420,-83.69849280,RTK
191004.80,42.30105420,-83.69849300,RTK
191004.90,42.30105420,-83.69849320,RTK
191005.00,42.30105420,-83.69849350,RTK
191005.10,42.30105420,-83.69849400,RTK
191005.20,42.30105420,-83.69849450,RTK
191005.30,42.30105400,-83.69849480,RTK
191005.40,42.30105400,-83.69849520,RTK
191005.50,42.30105430,-83.69849570,RTK
191005.60,42.30105450,-83.69849580,RTK
191005.70,42.30105480,-83.69849600,RTK
191005.80,42.30105480,-83.69849580,RTK
191005.90,42.30105500,-83.69849580,RTK
191006.00,42.30105530,-83.69849550,RTK
191006.10,42.30105570,-83.69849530,RTK
191006.20,42.30105620,-83.69849520,RTK
191006.30,42.30105630,-83.69849500,RTK
191006.40,42.30105630,-83.69849480,RTK
191006.50,42.30105650,-83.69849480,RTK
191006.60,42.30105650,-83.69849520,RTK
191006.70,42.30105650,-83.69849550,RTK
191006.80,42.30105650,-83.69849570,RTK
191006.90,42.30105650,-83.69849620,RTK
191007.00,42.30105630,-83.69849650,RTK
191007.10,42.30105650,-83.69849700,RTK
191007.20,42.30105670,-83.69849750,RTK
191007.30,42.30105680,-83.69849750,RTK
191007.40,42.30105700,-83.69849750,RTK
191007.50,42.30105700,-83.69849750,RTK
191007.60,42.30105720,-83.69849750,RTK
191007.70,42.30105750,-83.69849730,RTK
191007.80,42.30105770,-83.69849670,RTK
191007.90,42.30105800,-83.69849650,RTK
191008.00,42.30105820,-83.69849620,RTK
191008.10,42.30105820,-83.69849570,RTK
191008.20,42.30105820,-83.69849550,RTK
191008.30,42.30105820,-83.69849530,RTK
191008.40,42.30105800,-83.69849530,RTK
191008.50,42.30105780,-83.69849530,RTK
191008.60,42.30105730,-83.69849530,RTK
191008.70,42.30105720,-83.69849550,RTK
191008.80,42.30105670,-83.69849570,RTK
191008.90,42.30105630,-83.69849580,RTK
191009.00,42.30105620,-83.69849600,RTK
191009.10,42.30105580,-83.69849620,RTK
191009.20,42.30105550,-83.69849600,RTK
191009.30,42.30105530,-83.69849580,RTK
191009.40,42.30105520,-83.69849550,RTK
191009.50,42.30105500,-83.69849520,RTK
191009.60,42.30105470,-83.69849500,RTK
191009.70,42.30105450,-83.69849480,RTK
191009.80,42.30105430,-83.69849450,RTK
191009.90,42.30105420,-83.69849430,RTK
191010.00,42.30105400,-83.69849400,RTK
191010.10,42.30105400,-83.69849400,RTK
191010.20,42.30105380,-83.69849400,RTK
191010.30,42.30105380,-83.69849400,RTK
191010.40,42.30105370,-83.69849380,RTK
191010.50,42.30105370,-83.69849400,RTK
191010.60,42.30105350,-83.69849380,RTK
191010.70,42.30105350,-83.69849380,RTK
191010.80,42.30105330,-83.69849380,RTK
191010.90,42.30105330,-83.69849380,RTK