160350.10,42.30103750,-83.69852320,RTK
160350.20,42.30103770,-83.69852300,RTK
160350.30,42.30103780,-83.69852280,RTK
160350.40,42.30103800,-83.69852270,RTK
160350.50,42.30103830,-83.69852270,RTK
160350.60,42.30103850,-83.69852230,RTK
160350.70,42.30103870,-83.69852200,RTK
160350.80,42.30103880,-83.69852200,RTK
160350.90,42.30103900,-83.69852170,RTK
160351.00,42.30103900,-83.69852150,RTK
160351.10,42.30103920,-83.69852150,RTK
160351.20,42.30103920,-83.69852130,RTK
160351.30,42.30103930,-83.69852130,RTK
160351.40,42.30103930,-83.69852130,RTK
160351.50,42.30103930,-83.69852130,RTK
160351.60,42.30103930,-83.69852130,RTK
160351.70,42.30103930,-83.69852150,RTK
160351.80,42.30103920,-83.69852150,RTK
160351.90,42.30103920,-83.69852150,RTK
160352.00,42.30103900,-83.69852170,RTK
160352.10,42.30103900,-83.69852180,RTK
160352.20,42.30103880,-83.69852200,RTK
160352.30,42.30103880,-83.69852230,RTK
160352.40,42.30103870,-83.69852270,RTK
160352.50,42.30103850,-83.69852280,RTK
160352.60,42.30103830,-83.69852300,RTK
160352.70,42.30103820,-83.69852320,RTK
160352.80,42.30103820,-83.69852330,RTK
160352.90,42.30103800,-83.69852350,RTK
160353.00,42.30103800,-83.69852350,RTK
160353.10,42.30103800,-83.69852350,RTK
160353.20,42.30103800,-83.69852350,RTK
160353.30,42.30103800,-83.69852350,RTK
160353.40,42.30103800,-83.69852350,RTK
160353.50,42.30103820,-83.69852330,RTK
160353.60,42.30103830,-83.69852330,RTK
160353.70,42.30103830,-83.69852330,RTK
160353.80,42.30103850,-83.69852320,RTK
160353.90,42.30103870,-83.69852300,RTK
160354.00,42.30103880,-83.69852280,RTK
160354.10,42.30103900,-83.69852280,RTK
160354.20,42.30103920,-83.69852250,RTK
160354.30,42.30103920,-83.69852230,RTK
160354.40,42.30103930,-83.69852200,RTK
160354.50,42.30103930,-83.69852180,RTK
160354.60,42.30103950,-83.69852180,RTK
160354.70,42.30103950,-83.69852170,RTK
160354.80,42.30103970,-83.69852170,RTK
160354.90,42.30103970,-83.69852150,RTK
160355.00,42.30103980,-83.69852130,RTK
160355.10,42.30103980,-83.69852130,RTK
160355.20,42.30103980,-83.69852130,RTK
160355.30,42.30103980,-83.69852130,RTK
160355.40,42.30103980,-83.69852130,RTK
160355.50,42.30103980,-83.69852120,RTK
160355.60,42.30103970,-83.69852120,RTK
160355.70,42.30103970,-83.69852120,RTK
160355.80,42.30103970,-83.69852120,RTK
160355.90,42.30103950,-83.69852130,RTK
160356.00,42.30103930,-83.69852130,RTK
160356.10,42.30103930,-83.69852150,RTK
160356.20,42.30103920,-83.69852170,RTK
160356.30,42.30103900,-83.69852180,RTK
160356.40,42.30103880,-83.69852220,RTK
160356.50,42.30103850,-83.69852270,RTK
160356.60,42.30103830,-83.69852300,RTK
160356.70,42.30103820,-83.69852350,RTK
160356.80,42.30103800,-83.69852380,RTK
160356.90,42.30103800,-83.69852420,RTK
160357.00,42.30103780,-83.69852420,RTK
160357.10,42.30103780,-83.69852430,RTK
160357.20,42.30103770,-83.69852430,RTK
160357.30,42.30103770,-83.69852450,RTK
160357.40,42.30103750,-83.69852450,RTK
160357.50,42.30103770,-83.69852480,RTK
160357.60,42.30103770,-83.69852480,RTK
160357.70,42.30103770,-83.69852500,RTK
160357.80,42.30103770,-83.69852500,RTK
160357.90,42.30103770,-83.69852500,RTK
160358.00,42.30103750,-83.69852500,RTK
160358.10,42.30103730,-83.69852520,RTK
160358.20,42.30103720,-83.69852520,RTK
160358.30,42.30103700,-83.69852550,RTK
160358.40,42.30103650,-83.69852580,RTK
160358.50,42.30103630,-83.69852670,RTK
160358.60,42.30103580,-83.69852750,RTK
160358.70,42.30103570,-83.69852800,RTK
160358.80,42.30103550,-83.69852830,RTK
160358.90,42.30103530,-83.69852830,RTK
160359.00,42.30103500,-83.69852850,RTK
160359.10,42.30103480,-83.69852850,RTK
160359.20,42.30103470,-83.69852870,RTK
160359.30,42.30103430,-83.69852870,RTK
160359.40,42.30103420,-83.69852850,RTK
160359.50,42.30103430,-83.69852870,RTK
160359.60,42.30103430,-83.69852870,RTK
160359.70,42.30103430,-83.69852880,RTK
160359.80,42.30103420,-83.69852900,RTK
160359.90,42.30103420,-83.69852930,RTK
160400.00,42.30103400,-83.69852970,RTK
160400.10,42.30103400,-83.69853020,RTK
160400.20,42.30103400,-83.69853050,RTK
160400.30,42.30103380,-83.69853070,RTK
160400.40,42.30103380,-83.69853100,RTK
160400.50,42.30103370,-83.69853120,RTK
160400.60,42.30103370,-83.69853120,RTK
160400.70,42.30103370,-83.69853130,RTK
160400.80,42.30103370,-83.69853150,RTK
160400.90,42.30103370,-83.69853150,RTK
160401.00,42.30103350,-83.69853150,RTK
160401.10,42.30103350,-83.69853150,RTK
160401.20,42.30103350,-83.69853170,RTK
160401.30,42.30103350,-83.69853170,RTK
160401.40,42.30103350,-83.69853180,RTK
160401.50,42.30103330,-83.69853170,RTK
160401.60,42.30103320,-83.69853170,RTK
160401.70,42.30103320,-83.69853170,RTK
160401.80,42.30103320,-83.69853170,RTK
160401.90,42.30103320,-83.69853170,RTK
160402.00,42.30103320,-83.69853170,RTK
160402.10,42.30103320,-83.69853170,RTK
160402.20,42.30103320,-83.69853170,RTK
160402.30,42.30103320,-83.69853170,RTK
160402.40,42.30103320,-83.69853170,RTK
160402.50,42.30103320,-83.69853180,RTK
160402.60,42.30103320,-83.69853180,RTK
160402.70,42.30103320,-83.69853180,RTK
160402.80,42.30103320,-83.69853180,RTK
160402.90,42.30103320,-83.69853180,RTK
160403.00,42.30103320,-83.69853180,RTK
160403.10,42.30103320,-83.69853180,RTK
160403.20,42.30103320,-83.69853180,RTK
160403.30,42.30103320,-83.69853200,RTK
160403.40,42.30103320,-83.69853200,RTK
160403.50,42.30103300,-83.69853180,RTK
160403.60,42.30103280,-83.69853170,RTK
160403.70,42.30103280,-83.69853170,RTK
160403.80,42.30103270,-83.69853150,RTK
160403.90,42.30103250,-83.69853150,RTK
160404.00,42.30103230,-83.69853130,RTK
160404.10,42.30103220,-83.69853130,RTK
160404.20,42.30103180,-83.69853120,RTK
160404.30,42.30103150,-83.69853120,RTK
160404.40,42.30103120,-83.69853100,RTK
160404.50,42.30103070,-83.69853070,RTK
160404.60,42.30103020,-83.69853020,RTK
160404.70,42.30102970,-83.69853000,RTK
160404.80,42.30102930,-83.69853000,RTK
160404.90,42.30102880,-83.69852980,RTK
160405.00,42.30102850,-83.69852980,RTK
160405.10,42.30102800,-83.69853020,RTK
160405.20,42.30102730,-83.69853030,RTK
160405.30,42.30102670,-83.69853070,RTK
160405.40,42.30102620,-83.69853120,RTK
160405.50,42.30102530,-83.69853130,RTK
160405.60,42.30102480,-83.69853170,RTK
160405.70,42.30102430,-83.69853180,RTK
160405.80,42.30102350,-83.69853180,RTK
160405.90,42.30102270,-83.69853230,Differential
160406.00,42.30102170,-83.69853230,Differential
160406.10,42.30102080,-83.69853250,Differential
160406.20,42.30102000,-83.69853270,Differential
160406.30,42.30101950,-83.69853280,Differential
160406.40,42.30101870,-83.69853300,Differential
160406.50,42.30101800,-83.69853320,RTK
160406.60,42.30101730,-83.69853330,RTK
160406.70,42.30101680,-83.69853370,RTK
160406.80,42.30101630,-83.69853350,RTK
160406.90,42.30101580,-83.69853350,RTK
160407.00,42.30101520,-83.69853350,RTK
160407.10,42.30101430,-83.69853330,RTK
160407.20,42.30101350,-83.69853330,RTK
160407.30,42.30101270,-83.69853280,Differential
160407.40,42.30101180,-83.69853280,Differential
160407.50,42.30101130,-83.69853280,RTK
160407.60,42.30101050,-83.69853280,RTK
160407.70,42.30100970,-83.69853280,RTK
160407.80,42.30100880,-83.69853280,RTK
160407.90,42.30100780,-83.69853320,RTK
160408.00,42.30100700,-83.69853350,RTK
160408.10,42.30100650,-83.69853330,RTK
160408.20,42.30100580,-83.69853320,RTK
160408.30,42.30100500,-83.69853320,RTK
160408.40,42.30100400,-83.69853300,RTK
160408.50,42.30100330,-83.69853270,RTK
160408.60,42.30100250,-83.69853300,RTK
160408.70,42.30100170,-83.69853330,RTK
160408.80,42.30100100,-83.69853330,RTK
160408.90,42.30100000,-83.69853320,RTK
160409.00,42.30099900,-83.69853350,RTK
160409.10,42.30099820,-83.69853370,RTK
160409.20,42.30099720,-83.69853370,RTK
160409.30,42.30099670,-83.69853370,RTK
160409.40,42.30099600,-83.69853370,RTK
160409.50,42.30099520,-83.69853350,RTK
160409.60,42.30099430,-83.69853330,RTK
160409.70,42.30099330,-83.69853320,RTK
160409.80,42.30099250,-83.69853330,RTK
160409.90,42.30099180,-83.69853350,RTK
160410.00,42.30099100,-83.69853330,RTK
160410.10,42.30099020,-83.69853350,RTK
160410.20,42.30098930,-83.69853350,RTK
160410.30,42.30098830,-83.69853370,RTK
160410.40,42.30098750,-83.69853380,RTK
160410.50,42.30098680,-83.69853370,RTK
160410.60,42.30098620,-83.69853350,RTK
160410.70,42.30098530,-83.69853330,RTK
160410.80,42.30098450,-83.69853300,RTK
160410.90,42.30098370,-83.69853270,RTK
160411.00,42.30098300,-83.69853250,RTK
160411.10,42.30098230,-83.69853250,RTK
160411.20,42.30098170,-83.69853230,RTK
160411.30,42.30098120,-83.69853200,RTK
160411.40,42.30098050,-83.69853200,RTK
160411.50,42.30097980,-83.69853220,RTK
160411.60,42.30097900,-83.69853220,RTK
160411.70,42.30097850,-83.69853230,RTK
160411.80,42.30097800,-83.69853230,RTK
160411.90,42.30097730,-83.69853220,RTK
160412.00,42.30097670,-83.69853220,RTK
160412.10,42.30097580,-83.69853220,RTK
160412.20,42.30097500,-83.69853200,RTK
160412.30,42.30097400,-83.69853200,RTK
160412.40,42.30097320,-83.69853200,RTK
160412.50,42.30097230,-83.69853230,RTK
160412.60,42.30097150,-83.69853250,RTK
160412.70,42.30097050,-83.69853270,RTK
160412.80,42.30096950,-83.69853280,RTK
160412.90,42.30096850,-83.69853320,RTK
160413.00,42.30096770,-83.69853300,RTK
160413.10,42.30096700,-83.69853300,RTK
160413.20,42.30096630,-83.69853300,RTK
160413.30,42.30096520,-83.69853280,RTK
160413.40,42.30096430,-83.69853270,Differential
160413.50,42.30096330,-83.69853280,RTK
160413.60,42.30096220,-83.69853300,RTK
160413.70,42.30096120,-83.69853320,RTK
160413.90,42.30095920,-83.69853350,RTK
160414.00,42.30095800,-83.69853380,RTK
160414.10,42.30095700,-83.69853430,RTK
160414.20,42.30095630,-83.69853430,RTK
160414.30,42.30095550,-83.69853420,Differential
160414.40,42.30095470,-83.69853450,Differential
160414.50,42.30095330,-83.69853420,RTK
160414.60,42.30095230,-83.69853400,RTK
160414.70,42.30095120,-83.69853420,RTK
160414.80,42.30095030,-83.69853430,RTK
160414.90,42.30094930,-83.69853450,RTK
160415.00,42.30094830,-83.69853450,RTK
160415.10,42.30094720,-83.69853470,RTK
160415.20,42.30094600,-83.69853480,RTK
160415.30,42.30094500,-83.69853500,RTK
160415.40,42.30094430,-83.69853520,RTK
160415.50,42.30094350,-83.69853550,RTK
160415.60,42.30094250,-83.69853530,RTK
160415.70,42.30094150,-83.69853530,RTK
160415.80,42.30094050,-83.69853520,RTK
160415.90,42.30093930,-83.69853530,RTK
160416.00,42.30093850,-83.69853570,RTK
160416.10,42.30093750,-83.69853580,RTK
160416.20,42.30093630,-83.69853600,RTK
160416.30,42.30093520,-83.69853630,Differential
160416.40,42.30093420,-83.69853670,Differential
160416.50,42.30093320,-83.69853680,RTK
160416.60,42.30093230,-83.69853680,RTK
160416.70,42.30093150,-83.69853670,RTK
160416.80,42.30093050,-83.69853670,RTK
160416.90,42.30092950,-83.69853670,RTK
160417.00,42.30092830,-83.69853630,RTK
160417.10,42.30092730,-83.69853650,RTK
160417.20,42.30092650,-83.69853670,RTK
160417.30,42.30092570,-83.69853680,RTK
160417.40,42.30092480,-83.69853680,RTK
160417.50,42.30092350,-83.69853680,RTK
160417.60,42.30092250,-83.69853720,RTK
160417.70,42.30092130,-83.69853750,RTK
160417.80,42.30092050,-83.69853750,RTK
160417.90,42.30091970,-83.69853780,RTK
160418.00,42.30091870,-83.69853780,RTK
160418.10,42.30091730,-83.69853780,RTK
160418.20,42.30091620,-83.69853800,RTK
160418.30,42.30091500,-83.69853870,RTK
160418.40,42.30091420,-83.69853880,RTK
160418.50,42.30091320,-83.69853900,RTK
160418.60,42.30091230,-83.69853920,RTK
160418.70,42.30091130,-83.69853930,RTK
160418.80,42.30091030,-83.69853930,RTK
160418.90,42.30090950,-83.69853950,RTK
160419.00,42.30090900,-83.69853930,RTK
160419.10,42.30090830,-83.69853930,RTK
160419.20,42.30090750,-83.69853930,RTK
160419.30,42.30090630,-83.69853930,RTK
160419.40,42.30090530,-83.69853920,RTK
160419.50,42.30090430,-83.69853900,RTK
160419.60,42.30090350,-83.69853870,RTK
160419.70,42.30090270,-83.69853850,RTK
160419.80,42.30090200,-83.69853820,RTK
160419.90,42.30090100,-83.69853820,RTK
160420.00,42.30090020,-83.69853800,RTK
160420.10,42.30089880,-83.69853780,RTK
160420.20,42.30089800,-83.69853800,RTK
160420.30,42.30089720,-83.69853780,RTK
160420.40,42.30089620,-83.69853780,RTK
160420.50,42.30089530,-83.69853770,RTK
160420.60,42.30089430,-83.69853730,RTK
160420.70,42.30089320,-83.69853730,RTK
160420.80,42.30089200,-83.69853750,RTK
160420.90,42.30089080,-83.69853750,RTK
160421.00,42.30088980,-83.69853750,RTK
160421.10,42.30088880,-83.69853770,RTK
160421.20,42.30088780,-83.69853780,RTK
160421.30,42.30088680,-83.69853770,RTK
160421.40,42.30088580,-83.69853770,RTK
160421.50,42.30088480,-83.69853780,RTK
160421.60,42.30088400,-83.69853770,RTK
160421.70,42.30088320,-83.69853770,RTK
160421.80,42.30088230,-83.69853730,RTK
160421.90,42.30088130,-83.69853720,RTK
160422.00,42.30088030,-83.69853730,RTK
160422.10,42.30087920,-83.69853730,RTK
160422.20,42.30087800,-83.69853750,RTK
160422.30,42.30087680,-83.69853780,RTK
160422.40,42.30087570,-83.69853820,RTK
160422.50,42.30087470,-83.69853850,RTK
160422.60,42.30087370,-83.69853870,RTK
160422.70,42.30087280,-83.69853880,RTK
160422.80,42.30087170,-83.69853900,RTK
160422.90,42.30087050,-83.69853900,RTK
160423.00,42.30086930,-83.69853880,RTK
160423.10,42.30086800,-83.69853900,RTK
160423.20,42.30086700,-83.69853930,RTK
160423.30,42.30086600,-83.69853970,RTK
160423.40,42.30086520,-83.69854000,RTK
160423.50,42.30086400,-83.69854030,RTK
160423.60,42.30086270,-83.69854070,RTK
160423.70,42.30086180,-83.69854050,RTK
160423.80,42.30086080,-83.69854070,Differential
160423.90,42.30085980,-83.69854080,Differential
160424.00,42.30085850,-83.69854080,Differential
160424.10,42.30085750,-83.69854100,Differential
160424.20,42.30085630,-83.69854130,Differential
160424.30,42.30085550,-83.69854170,Differential
160424.40,42.30085450,-83.69854220,Differential
160424.50,42.30085300,-83.69854280,RTK
160424.60,42.30085170,-83.69854320,RTK
160424.70,42.30085070,-83.69854380,RTK
160424.80,42.30085000,-83.69854420,RTK
160424.90,42.30084880,-83.69854480,RTK
160425.00,42.30084820,-83.69854520,RTK
160425.10,42.30084720,-83.69854570,RTK
160425.20,42.30084580,-83.69854620,RTK
160425.30,42.30084520,-83.69854700,RTK
160425.40,42.30084550,-83.69854650,RTK
160425.50,42.30084450,-83.69854730,RTK
160425.60,42.30084370,-83.69854800,RTK
160425.70,42.30084320,-83.69854830,RTK
160425.80,42.30084270,-83.69854920,RTK
160425.90,42.30084230,-83.69854970,RTK
160426.00,42.30084180,-83.69855030,RTK
160426.10,42.30084150,-83.69855120,RTK
160426.20,42.30084070,-83.69855200,RTK
160426.30,42.30083980,-83.69855270,Differential
160426.40,42.30083900,-83.69855350,Differential
160426.50,42.30083800,-83.69855470,RTK
160426.60,42.30083730,-83.69855550,RTK
160426.70,42.30083670,-83.69855670,RTK
160426.80,42.30083600,-83.69855780,RTK
160426.90,42.30083530,-83.69855920,RTK
160427.00,42.30083470,-83.69856070,RTK
160427.10,42.30083420,-83.69856250,RTK
160427.20,42.30083350,-83.69856370,RTK
160427.30,42.30083320,-83.69856480,RTK
160427.40,42.30083270,-83.69856620,RTK
160427.50,42.30083200,-83.69856770,RTK
160427.60,42.30083130,-83.69856920,RTK
160427.70,42.30083080,-83.69857080,RTK
160427.80,42.30083030,-83.69857230,RTK
160427.90,42.30083000,-83.69857370,RTK
160428.00,42.30082980,-83.69857500,RTK
160428.10,42.30082970,-83.69857650,RTK
160428.20,42.30082930,-83.69857830,RTK
160428.30,42.30082930,-83.69858020,RTK
160428.40,42.30082920,-83.69858150,RTK
160428.50,42.30082880,-83.69858280,RTK
160428.60,42.30082870,-83.69858430,RTK
160428.70,42.30082830,-83.69858580,RTK
160428.80,42.30082780,-83.69858770,RTK
160428.90,42.30082770,-83.69858920,RTK
160429.00,42.30082720,-83.69859070,RTK
160429.10,42.30082700,-83.69859220,RTK
160429.20,42.30082680,-83.69859350,RTK
160429.30,42.30082670,-83.69859520,RTK
160429.40,42.30082650,-83.69859730,RTK
160429.50,42.30082630,-83.69859880,RTK
160429.60,42.30082620,-83.69860000,RTK
160429.70,42.30082580,-83.69860150,RTK
160429.80,42.30082570,-83.69860320,RTK
160429.90,42.30082520,-83.69860480,RTK
160430.00,42.30082500,-83.69860670,RTK
160430.10,42.30082480,-83.69860830,RTK
160430.20,42.30082480,-83.69860980,RTK
160430.30,42.30082480,-83.69861130,RTK
160430.40,42.30082480,-83.69861320,RTK
160430.50,42.30082480,-83.69861500,RTK
160430.60,42.30082480,-83.69861670,RTK
160430.70,42.30082480,-83.69861780,RTK
160430.80,42.30082470,-83.69861930,RTK
160430.90,42.30082470,-83.69862120,RTK
160431.00,42.30082430,-83.69862300,RTK
160431.10,42.30082420,-83.69862470,RTK
160431.20,42.30082400,-83.69862620,RTK
160431.30,42.30082400,-83.69862770,RTK
160431.40,42.30082400,-83.69862870,RTK
160431.50,42.30082400,-83.69863050,RTK
160431.60,42.30082380,-83.69863250,RTK
160431.70,42.30082370,-83.69863420,RTK
160431.80,42.30082370,-83.69863570,RTK
160431.90,42.30082350,-83.69863720,RTK
160432.00,42.30082350,-83.69863870,RTK
160432.10,42.30082320,-83.69864050,RTK
160432.20,42.30082300,-83.69864230,RTK
160432.30,42.30082300,-83.69864380,RTK
160432.40,42.30082300,-83.69864530,RTK
160432.50,42.30082280,-83.69864700,RTK
160432.60,42.30082280,-83.69864880,RTK
160432.70,42.30082300,-83.69865070,RTK
160432.80,42.30082320,-83.69865270,RTK
160432.90,42.30082330,-83.69865380,RTK
160433.00,42.30082330,-83.69865520,RTK
160433.10,42.30082350,-83.69865700,RTK
160433.20,42.30082350,-83.69865850,RTK
160433.30,42.30082370,-83.69866030,RTK
160433.40,42.30082370,-83.69866200,RTK
160433.50,42.30082380,-83.69866370,RTK
160433.60,42.30082380,-83.69866530,RTK
160433.70,42.30082420,-83.69866730,RTK
160433.80,42.30082430,-83.69866920,RTK
160433.90,42.30082470,-83.69867130,RTK
160434.00,42.30082470,-83.69867280,RTK
160434.10,42.30082470,-83.69867450,RTK
160434.20,42.30082480,-83.69867580,RTK
160434.30,42.30082480,-83.69867750,RTK
160434.40,42.30082480,-83.69867920,RTK
160434.50,42.30082480,-83.69868070,RTK
160434.60,42.30082480,-83.69868230,RTK
160434.70,42.30082500,-83.69868400,RTK
160434.80,42.30082500,-83.69868550,RTK
160434.90,42.30082520,-83.69868720,RTK
160435.00,42.30082530,-83.69868900,RTK
160435.10,42.30082520,-83.69868980,RTK
160435.20,42.30082520,-83.69869130,RTK
160435.30,42.30082500,-83.69869300,RTK
160435.40,42.30082480,-83.69869480,RTK
160435.50,42.30082470,-83.69869680,RTK
160435.60,42.30082470,-83.69869870,RTK
160435.70,42.30082470,-83.69870020,RTK
160435.80,42.30082480,-83.69870170,RTK
160435.90,42.30082470,-83.69870350,RTK
160436.00,42.30082480,-83.69870480,RTK
160436.10,42.30082500,-83.69870650,RTK
160436.20,42.30082480,-83.69870770,RTK
160436.30,42.30082480,-83.69870900,RTK
160436.40,42.30082480,-83.69871030,RTK
160436.50,42.30082470,-83.69871220,RTK
160436.60,42.30082420,-83.69871400,RTK
160436.70,42.30082400,-83.69871580,RTK
160436.80,42.30082420,-83.69871700,RTK
160436.90,42.30082420,-83.69871830,RTK
160437.00,42.30082400,-83.69871980,RTK
160437.10,42.30082400,-83.69872130,RTK
160437.20,42.30082400,-83.69872300,RTK
160437.30,42.30082400,-83.69872450,RTK
160437.40,42.30082400,-83.69872570,RTK
160437.50,42.30082370,-83.69872720,RTK
160437.60,42.30082370,-83.69872850,RTK
160437.70,42.30082330,-83.69873000,RTK
160437.80,42.30082330,-83.69873120,RTK
160437.90,42.30082330,-83.69873270,RTK
160438.00,42.30082330,-83.69873330,RTK
160438.10,42.30082330,-83.69873450,RTK
160438.20,42.30082350,-83.69873620,RTK
160438.30,42.30082350,-83.69873770,RTK
160438.40,42.30082350,-83.69873930,RTK
160438.50,42.30082370,-83.69874050,RTK
160438.60,42.30082370,-83.69874170,RTK
160438.70,42.30082370,-83.69874270,RTK
160438.80,42.30082380,-83.69874420,RTK
160438.90,42.30082380,-83.69874580,RTK
160439.00,42.30082370,-83.69874680,RTK
160439.10,42.30082370,-83.69874830,RTK
160439.20,42.30082370,-83.69874980,RTK
160439.30,42.30082380,-83.69875100,RTK
160439.40,42.30082400,-83.69875250,RTK
160439.50,42.30082420,-83.69875450,RTK
160439.60,42.30082500,-83.69875420,RTK
160439.70,42.30082530,-83.69875520,RTK
160439.80,42.30082550,-83.69875670,RTK
160439.90,42.30082570,-83.69875780,RTK
160440.00,42.30082620,-83.69875850,RTK
160440.10,42.30082650,-83.69875970,RTK
160440.20,42.30082680,-83.69876120,RTK
160440.30,42.30082720,-83.69876180,Differential
160440.40,42.30082730,-83.69876270,Differential
160440.50,42.30082680,-83.69876570,RTK
160440.60,42.30082700,-83.69876700,RTK
160440.70,42.30082730,-83.69876850,RTK
160440.80,42.30082770,-83.69876970,RTK
160440.90,42.30082800,-83.69877050,RTK
160441.00,42.30082820,-83.69877150,RTK
160441.10,42.30082850,-83.69877230,RTK
160441.20,42.30082870,-83.69877330,RTK
160441.30,42.30082870,-83.69877430,RTK
160441.40,42.30082900,-83.69877530,Differential
160441.50,42.30082920,-83.69877580,RTK
160441.60,42.30082920,-83.69877650,RTK
160441.70,42.30082970,-83.69877730,RTK
160441.80,42.30083020,-83.69877800,RTK
160441.90,42.30083070,-83.69877850,RTK
160442.00,42.30083150,-83.69877920,RTK
160442.10,42.30083170,-83.69877970,RTK
160442.20,42.30083200,-83.69877980,RTK
160442.30,42.30083230,-83.69878000,RTK
160442.40,42.30083280,-83.69878030,RTK
160442.50,42.30083320,-83.69878130,RTK
160442.60,42.30083380,-83.69878220,RTK
160442.70,42.30083450,-83.69878250,RTK
160442.80,42.30083470,-83.69878270,RTK
160442.90,42.30083530,-83.69878280,RTK
160443.00,42.30083600,-83.69878300,RTK
160443.10,42.30083720,-83.69878300,RTK
160443.20,42.30083800,-83.69878280,RTK
160443.30,42.30083880,-83.69878270,RTK
160443.40,42.30083950,-83.69878250,RTK
160443.50,42.30084070,-83.69878400,RTK
160443.60,42.30084130,-83.69878430,RTK
160443.70,42.30084220,-83.69878430,RTK
160443.80,42.30084350,-83.69878470,RTK
160443.90,42.30084470,-83.69878480,RTK
160444.00,42.30084550,-83.69878500,RTK
160444.10,42.30084650,-83.69878520,RTK
160444.20,42.30084720,-83.69878520,RTK
160444.30,42.30084820,-83.69878520,RTK
160444.40,42.30084930,-83.69878520,RTK
160444.50,42.30085220,-83.69878700,RTK
160444.60,42.30085370,-83.69878850,RTK
160444.70,42.30085480,-83.69878930,RTK
160444.80,42.30085600,-83.69878980,RTK
160444.90,42.30085720,-83.69879030,RTK
160445.00,42.30085800,-83.69879070,RTK
160445.10,42.30085920,-83.69879120,RTK
160445.20,42.30086000,-83.69879150,RTK
160445.30,42.30086080,-83.69879180,RTK
160445.40,42.30086180,-83.69879200,RTK
160445.50,42.30086320,-83.69879220,RTK
160445.60,42.30086450,-83.69879250,RTK
160445.70,42.30086580,-83.69879270,RTK
160445.80,42.30086670,-83.69879280,RTK
160445.90,42.30086750,-83.69879300,RTK
160446.00,42.30086870,-83.69879320,RTK
160446.10,42.30086980,-83.69879320,RTK
160446.20,42.30087100,-83.69879370,RTK
160446.30,42.30087220,-83.69879400,RTK
160446.40,42.30087320,-83.69879400,RTK
160446.50,42.30087430,-83.69879430,RTK
160446.60,42.30087550,-83.69879470,RTK
160446.70,42.30087700,-83.69879470,RTK
160446.80,42.30087820,-83.69879470,RTK
160446.90,42.30087920,-83.69879470,RTK
160447.00,42.30088020,-83.69879480,RTK
160447.10,42.30088100,-83.69879480,RTK
160447.20,42.30088220,-83.69879500,RTK
160447.30,42.30088330,-83.69879500,RTK
160447.40,42.30088450,-83.69879500,RTK
160447.50,42.30088570,-83.69879520,RTK
160447.60,42.30088650,-83.69879500,RTK
160447.70,42.30088750,-83.69879500,RTK
160447.80,42.30088850,-83.69879480,RTK
160447.90,42.30088970,-83.69879470,RTK
160448.00,42.30089080,-83.69879470,RTK
160448.10,42.30089180,-83.69879480,RTK
160448.20,42.30089250,-83.69879500,RTK
160448.30,42.30089330,-83.69879530,RTK
160448.40,42.30089450,-83.69879530,RTK
160448.50,42.30089570,-83.69879530,RTK
160448.60,42.30089680,-83.69879570,RTK
160448.70,42.30089770,-83.69879550,RTK
160448.80,42.30089870,-83.69879520,RTK
160448.90,42.30089970,-83.69879520,RTK
160449.00,42.30090100,-83.69879500,RTK
160449.10,42.30090220,-83.69879500,RTK
160449.20,42.30090370,-83.69879480,RTK
160449.30,42.30090450,-83.69879470,RTK
160449.40,42.30090570,-83.69879480,RTK
160449.50,42.30090680,-83.69879470,RTK
160449.60,42.30090820,-83.69879450,RTK
160449.70,42.30090930,-83.69879470,RTK
160449.80,42.30091030,-83.69879470,RTK
160449.90,42.30091130,-83.69879430,RTK
160450.00,42.30091270,-83.69879420,RTK
160450.10,42.30091330,-83.69879380,RTK
160450.20,42.30091450,-83.69879330,RTK
160450.30,42.30091600,-83.69879300,RTK
160450.40,42.30091720,-83.69879280,RTK
160450.50,42.30091780,-83.69879250,RTK
160450.60,42.30091900,-83.69879200,RTK
160450.70,42.30092020,-83.69879170,RTK
160450.80,42.30092150,-83.69879150,RTK
160450.90,42.30092270,-83.69879130,RTK
160451.00,42.30092380,-83.69879080,RTK
160451.10,42.30092500,-83.69879050,RTK
160451.20,42.30092600,-83.69879020,RTK
160451.30,42.30092720,-83.69878970,RTK
160451.40,42.30092850,-83.69878930,RTK
160451.50,42.30092950,-83.69878880,RTK
160451.60,42.30093050,-83.69878870,RTK
160451.70,42.30093150,-83.69878830,RTK
160451.80,42.30093250,-83.69878800,RTK
160451.90,42.30093400,-83.69878780,RTK
160452.00,42.30093530,-83.69878770,RTK
160452.10,42.30093620,-83.69878750,RTK
160452.20,42.30093730,-83.69878720,RTK
160452.30,42.30093830,-83.69878670,RTK
160452.40,42.30093950,-83.69878630,RTK
160452.50,42.30094100,-83.69878600,RTK
160452.60,42.30094220,-83.69878570,RTK
160452.70,42.30094300,-83.69878550,RTK
160452.80,42.30094400,-83.69878550,RTK
160452.90,42.30094520,-83.69878530,RTK
160453.00,42.30094630,-83.69878520,RTK
160453.10,42.30094780,-83.69878530,RTK
160453.20,42.30094900,-83.69878500,RTK
160453.30,42.30095000,-83.69878500,RTK
160453.40,42.30095080,-83.69878480,RTK
160453.50,42.30095250,-83.69878470,RTK
160453.60,42.30095370,-83.69878470,RTK
160453.70,42.30095530,-83.69878450,RTK
160453.80,42.30095580,-83.69878470,RTK
160453.90,42.30095650,-83.69878480,RTK
160454.00,42.30095770,-83.69878480,RTK
160454.10,42.30095880,-83.69878480,RTK
160454.20,42.30095980,-83.69878500,RTK
160454.30,42.30096100,-83.69878530,RTK
160454.40,42.30096220,-83.69878520,RTK
160454.50,42.30096350,-83.69878500,RTK
160454.60,42.30096480,-83.69878500,RTK
160454.70,42.30096650,-83.69878480,RTK
160454.80,42.30096780,-83.69878450,RTK
160454.90,42.30096920,-83.69878430,RTK
160455.00,42.30097000,-83.69878430,RTK
160455.10,42.30097120,-83.69878420,RTK
160455.20,42.30097270,-83.69878420,RTK
160455.30,42.30097420,-83.69878420,RTK
160455.40,42.30097530,-83.69878430,RTK
160455.50,42.30097650,-83.69878420,RTK
160455.60,42.30097750,-83.69878420,RTK
160455.70,42.30097870,-83.69878380,RTK
160455.80,42.30097970,-83.69878370,RTK
160455.90,42.30098130,-83.69878330,RTK
160456.00,42.30098230,-83.69878330,RTK
160456.10,42.30098330,-83.69878330,RTK
160456.20,42.30098430,-83.69878320,RTK
160456.30,42.30098550,-83.69878320,RTK
160456.40,42.30098700,-83.69878300,RTK
160456.50,42.30098830,-83.69878300,RTK
160456.60,42.30098930,-83.69878280,RTK
160456.70,42.30099030,-83.69878250,RTK
160456.80,42.30099170,-83.69878250,RTK
160456.90,42.30099270,-83.69878230,RTK
160457.00,42.30099400,-83.69878200,RTK
160457.10,42.30099550,-83.69878180,RTK
160457.20,42.30099630,-83.69878180,RTK
160457.30,42.30099730,-83.69878180,RTK
160457.40,42.30099850,-83.69878180,RTK
160457.50,42.30099970,-83.69878200,RTK
160457.60,42.30100100,-83.69878220,RTK
160457.70,42.30100230,-83.69878220,RTK
160457.80,42.30100350,-83.69878200,RTK
160457.90,42.30100470,-83.69878180,RTK
160458.00,42.30100580,-83.69878170,RTK
160458.10,42.30100720,-83.69878150,RTK
160458.20,42.30100870,-83.69878120,RTK
160458.30,42.30100970,-83.69878120,RTK
160458.40,42.30101050,-83.69878100,RTK
160458.50,42.30101150,-83.69878100,RTK
160458.60,42.30101280,-83.69878100,RTK
160458.70,42.30101420,-83.69878120,RTK
160458.80,42.30101530,-83.69878080,RTK
160458.90,42.30101650,-83.69878050,RTK
160459.00,42.30101750,-83.69878020,RTK
160459.10,42.30101850,-83.69877970,RTK
160459.20,42.30101950,-83.69877930,RTK
160459.30,42.30102050,-83.69877870,RTK
160459.40,42.30102170,-83.69877830,RTK
160459.50,42.30102300,-83.69877800,RTK
160459.60,42.30102430,-83.69877770,RTK
160459.70,42.30102550,-83.69877700,RTK
160459.80,42.30102680,-83.69877680,RTK
160459.90,42.30102800,-83.69877620,RTK
160500.00,42.30102920,-83.69877550,RTK
160500.10,42.30102980,-83.69877520,RTK
160500.20,42.30103080,-83.69877450,RTK
160500.30,42.30103200,-83.69877350,RTK
160500.40,42.30103320,-83.69877250,RTK
160500.50,42.30103430,-83.69877180,RTK
160500.60,42.30103530,-83.69877130,RTK
160500.70,42.30103600,-83.69877080,RTK
160500.80,42.30103700,-83.69877000,RTK
160500.90,42.30103800,-83.69876930,RTK
160501.00,42.30103920,-83.69876850,RTK
160501.10,42.30104050,-83.69876780,RTK
160501.20,42.30104130,-83.69876700,RTK
160501.30,42.30104220,-83.69876620,RTK
160501.40,42.30104300,-83.69876520,RTK
160501.50,42.30104400,-83.69876400,RTK
160501.60,42.30104480,-83.69876300,RTK
160501.70,42.30104570,-83.69876200,RTK
160501.80,42.30104630,-83.69876120,RTK
160501.90,42.30104670,-83.69876020,RTK
160502.00,42.30104730,-83.69875900,RTK
160502.10,42.30104820,-83.69875770,RTK
160502.20,42.30104880,-83.69875630,RTK
160502.30,42.30104930,-83.69875530,RTK
160502.40,42.30104970,-83.69875400,RTK
160502.50,42.30105000,-83.69875230,RTK
160502.60,42.30105030,-83.69875100,RTK
160502.70,42.30105070,-83.69874920,RTK
160502.80,42.30105070,-83.69874720,RTK
160502.90,42.30105080,-83.69874620,RTK
160503.00,42.30105100,-83.69874500,RTK
160503.10,42.30105120,-83.69874350,RTK
160503.20,42.30105130,-83.69874200,RTK
160503.30,42.30105180,-83.69874030,RTK
160503.40,42.30105220,-83.69873850,RTK
160503.50,42.30105230,-83.69873730,RTK
160503.60,42.30105250,-83.69873580,RTK
160503.70,42.30105250,-83.69873450,RTK
160503.80,42.30105270,-83.69873320,RTK
160503.90,42.30105320,-83.69873150,RTK
160504.00,42.30105320,-83.69872970,RTK
160504.10,42.30105330,-83.69872870,RTK
160504.20,42.30105350,-83.69872730,RTK
160504.30,42.30105350,-83.69872580,RTK
160504.40,42.30105380,-83.69872400,RTK
160504.50,42.30105400,-83.69872220,RTK
160504.60,42.30105380,-83.69872070,RTK
160504.70,42.30105380,-83.69871920,RTK
160504.80,42.30105370,-83.69871770,RTK
160504.90,42.30105350,-83.69871580,RTK
160505.00,42.30105350,-83.69871420,RTK
160505.10,42.30105350,-83.69871250,RTK
160505.20,42.30105350,-83.69871120,RTK
160505.30,42.30105330,-83.69870980,RTK
160505.40,42.30105330,-83.69870830,RTK
160505.50,42.30105330,-83.69870670,RTK
160505.60,42.30105350,-83.69870500,RTK
160505.70,42.30105330,-83.69870330,RTK
160505.80,42.30105330,-83.69870180,RTK
160505.90,42.30105320,-83.69870050,RTK
160506.00,42.30105300,-83.69869870,RTK
160506.10,42.30105280,-83.69869700,RTK
160506.20,42.30105270,-83.69869530,RTK
160506.30,42.30105230,-83.69869380,RTK
160506.40,42.30105230,-83.69869250,RTK
160506.50,42.30105230,-83.69869080,RTK
160506.60,42.30105230,-83.69868920,RTK
160506.70,42.30105220,-83.69868730,RTK
160506.80,42.30105220,-83.69868550,RTK
160506.90,42.30105220,-83.69868400,RTK
160507.00,42.30105200,-83.69868230,RTK
160507.10,42.30105180,-83.69868080,RTK
160507.20,42.30105180,-83.69867920,RTK
160507.30,42.30105150,-83.69867720,RTK
160507.40,42.30105120,-83.69867570,RTK
160507.50,42.30105120,-83.69867430,RTK
160507.60,42.30105120,-83.69867280,RTK
160507.70,42.30105120,-83.69867120,RTK
160507.80,42.30105130,-83.69866930,RTK
160507.90,42.30105130,-83.69866770,RTK
160508.00,42.30105150,-83.69866600,RTK
160508.10,42.30105150,-83.69866450,RTK
160508.20,42.30105150,-83.69866300,RTK
160508.30,42.30105130,-83.69866130,RTK
160508.40,42.30105120,-83.69865970,RTK
160508.50,42.30105120,-83.69865800,RTK
160508.60,42.30105120,-83.69865650,RTK
160508.70,42.30105120,-83.69865530,RTK
160508.80,42.30105130,-83.69865370,RTK
160508.90,42.30105150,-83.69865180,RTK
160509.00,42.30105170,-83.69865020,RTK
160509.10,42.30105170,-83.69864850,RTK
160509.20,42.30105170,-83.69864720,RTK
160509.30,42.30105170,-83.69864550,RTK
160509.40,42.30105150,-83.69864380,RTK
160509.50,42.30105150,-83.69864180,RTK
160509.60,42.30105150,-83.69864000,RTK
160509.70,42.30105170,-83.69863870,RTK
160509.80,42.30105170,-83.69863720,RTK
160509.90,42.30105180,-83.69863570,RTK
160510.00,42.30105200,-83.69863380,RTK
160510.10,42.30105220,-83.69863200,RTK
160510.20,42.30105220,-83.69863030,RTK
160510.30,42.30105220,-83.69862920,RTK
160510.40,42.30105220,-83.69862750,RTK
160510.50,42.30105220,-83.69862600,RTK
160510.60,42.30105220,-83.69862420,RTK
160510.70,42.30105230,-83.69862250,RTK
160510.80,42.30105250,-83.69862120,RTK
160510.90,42.30105270,-83.69862000,RTK
160511.00,42.30105280,-83.69861850,RTK
160511.10,42.30105300,-83.69861680,RTK
160511.20,42.30105330,-83.69861530,RTK
160511.30,42.30105350,-83.69861370,RTK
160511.40,42.30105330,-83.69861230,RTK
160511.50,42.30105320,-83.69861080,RTK
160511.60,42.30105320,-83.69860950,RTK
160511.70,42.30105300,-83.69860770,RTK
160511.80,42.30105300,-83.69860580,RTK
160511.90,42.30105300,-83.69860450,RTK
160512.00,42.30105300,-83.69860300,RTK
160512.10,42.30105320,-83.69860170,RTK
160512.20,42.30105320,-83.69860030,RTK
160512.30,42.30105330,-83.69859850,RTK
160512.40,42.30105350,-83.69859720,RTK
160512.50,42.30105350,-83.69859570,RTK
160512.60,42.30105330,-83.69859450,RTK
160512.70,42.30105330,-83.69859320,RTK
160512.80,42.30105320,-83.69859170,RTK
160512.90,42.30105320,-83.69859000,RTK
160513.00,42.30105320,-83.69858830,RTK
160513.10,42.30105330,-83.69858700,RTK
160513.20,42.30105330,-83.69858600,RTK
160513.30,42.30105330,-83.69858450,RTK
160513.40,42.30105350,-83.69858300,RTK
160513.50,42.30105370,-83.69858130,RTK
160513.60,42.30105350,-83.69857950,RTK
160513.70,42.30105350,-83.69857820,RTK
160513.80,42.30105330,-83.69857680,RTK
160513.90,42.30105330,-83.69857530,RTK
160514.00,42.30105350,-83.69857380,RTK
160514.10,42.30105350,-83.69857220,RTK
160514.20,42.30105350,-83.69857070,RTK
160514.30,42.30105370,-83.69856930,RTK
160514.40,42.30105380,-83.69856800,RTK
160514.50,42.30105400,-83.69856650,RTK
160514.60,42.30105420,-83.69856480,RTK
160514.70,42.30105430,-83.69856350,RTK
160514.80,42.30105470,-83.69856180,RTK
160514.90,42.30105450,-83.69856050,RTK
160515.00,42.30105450,-83.69855900,RTK
160515.10,42.30105450,-83.69855770,RTK
160515.20,42.30105470,-83.69855580,RTK
160515.30,42.30105480,-83.69855450,RTK
160515.40,42.30105500,-83.69855320,RTK
160515.50,42.30105520,-83.69855180,RTK
160515.60,42.30105570,-83.69855030,RTK
160515.70,42.30105600,-83.69854870,RTK
160515.80,42.30105630,-83.69854720,RTK
160515.90,42.30105650,-83.69854550,RTK
160516.00,42.30105680,-83.69854430,RTK
160516.10,42.30105680,-83.69854300,RTK
160516.20,42.30105680,-83.69854170,RTK
160516.30,42.30105700,-83.69854020,RTK
160516.40,42.30105720,-83.69853830,RTK
160516.50,42.30105700,-83.69853680,RTK
160516.60,42.30105700,-83.69853570,RTK
160516.70,42.30105730,-83.69853430,RTK
160516.80,42.30105730,-83.69853280,RTK
160516.90,42.30105770,-83.69853130,RTK
160517.00,42.30105780,-83.69853000,RTK
160517.10,42.30105800,-83.69852850,RTK
160517.20,42.30105800,-83.69852750,RTK
160517.30,42.30105800,-83.69852630,RTK
160517.40,42.30105780,-83.69852500,RTK
160517.50,42.30105780,-83.69852370,RTK
160517.60,42.30105780,-83.69852250,RTK
160517.70,42.30105770,-83.69852130,RTK
160517.80,42.30105780,-83.69852020,RTK
160517.90,42.30105780,-83.69851920,RTK
160518.00,42.30105780,-83.69851780,RTK
160518.10,42.30105820,-83.69851670,RTK
160518.20,42.30105830,-83.69851550,RTK
160518.30,42.30105830,-83.69851420,Differential
160518.40,42.30105830,-83.69851320,Differential
160518.50,42.30105830,-83.69851200,RTK
160518.60,42.30105820,-83.69851080,RTK
160518.70,42.30105780,-83.69850970,RTK
160518.80,42.30105750,-83.69850850,RTK
160518.90,42.30105730,-83.69850750,RTK
160519.00,42.30105700,-83.69850670,RTK
160519.10,42.30105680,-83.69850580,RTK
160519.20,42.30105650,-83.69850500,RTK
160519.30,42.30105620,-83.69850400,RTK
160519.40,42.30105580,-83.69850320,RTK
160519.50,42.30105550,-83.69850230,RTK
160519.60,42.30105530,-83.69850180,RTK
160519.70,42.30105520,-83.69850170,RTK
160519.80,42.30105480,-83.69850130,RTK
160519.90,42.30105470,-83.69850120,RTK
160520.00,42.30105450,-83.69850120,RTK
160520.10,42.30105430,-83.69850100,RTK
160520.20,42.30105430,-83.69850100,RTK
160520.30,42.30105430,-83.69850100,RTK
160520.40,42.30105430,-83.69850100,RTK
160520.50,42.30105430,-83.69850100,RTK
160520.60,42.30105430,-83.69850100,RTK
160520.70,42.30105430,-83.69850080,RTK
160520.80,42.30105430,-83.69850080,RTK
160520.90,42.30105450,-83.69850080,RTK
160521.00,42.30105450,-83.69850080,RTK
160521.10,42.30105450,-83.69850080,RTK
160521.20,42.30105450,-83.69850070,RTK
160521.30,42.30105450,-83.69850080,RTK
160521.40,42.30105470,-83.69850070,RTK
160521.50,42.30105470,-83.69850070,RTK
160521.60,42.30105470,-83.69850070,RTK
160521.70,42.30105470,-83.69850070,RTK
160521.80,42.30105470,-83.69850050,RTK
160521.90,42.30105480,-83.69850050,RTK
160522.00,42.30105480,-83.69850050,RTK
160522.10,42.30105480,-83.69850050,RTK
160522.20,42.30105480,-83.69850050,RTK
160522.30,42.30105480,-83.69850050,RTK
160522.40,42.30105480,-83.69850050,RTK
160522.50,42.30105480,-83.69850030,RTK
160522.60,42.30105480,-83.69850030,RTK
160522.70,42.30105500,-83.69850030,RTK
160522.80,42.30105500,-83.69850030,RTK
160522.90,42.30105500,-83.69850030,RTK
160523.00,42.30105500,-83.69850030,RTK
160523.10,42.30105500,-83.69850030,RTK
160523.20,42.30105500,-83.69850030,RTK
160523.30,42.30105500,-83.69850030,RTK
160523.40,42.30105500,-83.69850030,RTK
160523.50,42.30105500,-83.69850030,RTK
160523.60,42.30105500,-83.69850030,RTK
160523.70,42.30105500,-83.69850030,RTK
160523.80,42.30105500,-83.69850020,RTK
160523.90,42.30105500,-83.69850020,RTK
160524.00,42.30105500,-83.69850020,RTK
160524.10,42.30105500,-83.69850020,RTK
160524.20,42.30105500,-83.69850000,RTK
160524.30,42.30105520,-83.69850000,RTK
160524.40,42.30105520,-83.69850020,RTK
160524.50,42.30105520,-83.69850050,RTK
160524.60,42.30105480,-83.69850070,RTK
160524.70,42.30105470,-83.69850070,RTK
160524.80,42.30105500,-83.69850070,RTK
160524.90,42.30105470,-83.69850070,Differential
160525.00,42.30105470,-83.69850080,Differential
160525.10,42.30105480,-83.69850080,Differential
160525.20,42.30105480,-83.69850120,Differential
160525.30,42.30105480,-83.69850130,Differential
160525.40,42.30105480,-83.69850120,Differential
160525.50,42.30105480,-83.69850130,RTK
160525.60,42.30105470,-83.69850130,RTK
160525.70,42.30105470,-83.69850130,RTK
160525.80,42.30105470,-83.69850130,RTK
160525.90,42.30105450,-83.69850130,RTK
160526.00,42.30105450,-83.69850130,RTK
160526.10,42.30105450,-83.69850130,RTK
160526.20,42.30105450,-83.69850150,RTK
160526.30,42.30105450,-83.69850130,RTK
160526.40,42.30105450,-83.69850130,RTK
160526.50,42.30105450,-83.69850130,RTK
160526.60,42.30105470,-83.69850130,RTK
160526.70,42.30105470,-83.69850130,RTK
160526.80,42.30105470,-83.69850130,RTK
160526.90,42.30105470,-83.69850130,RTK
160527.00,42.30105470,-83.69850130,RTK
160527.10,42.30105470,-83.69850130,RTK
160527.20,42.30105430,-83.69850150,RTK
160527.30,42.30105420,-83.69850170,RTK
160527.40,42.30105400,-83.69850170,RTK
160527.50,42.30105370,-83.69850200,RTK
160527.60,42.30105320,-83.69850230,RTK
160527.70,42.30105280,-83.69850270,RTK
160527.80,42.30105220,-83.69850300,RTK
160527.90,42.30105180,-83.69850330,RTK
160528.00,42.30105130,-83.69850370,RTK
160528.10,42.30105080,-83.69850400,RTK
160528.20,42.30105030,-83.69850430,RTK
160528.30,42.30104980,-83.69850470,RTK
160528.40,42.30104930,-83.69850480,RTK
160528.50,42.30104830,-83.69850500,RTK
160528.60,42.30104770,-83.69850520,RTK
160528.70,42.30104700,-83.69850530,RTK
160528.80,42.30104630,-83.69850530,RTK
160528.90,42.30104580,-83.69850570,RTK
160529.00,42.30104530,-83.69850580,RTK
160529.10,42.30104470,-83.69850600,RTK
160529.20,42.30104400,-83.69850620,RTK
160529.30,42.30104330,-83.69850670,RTK
160529.40,42.30104250,-83.69850750,RTK
160529.50,42.30104230,-83.69850830,RTK
160529.60,42.30104170,-83.69850920,RTK
160529.70,42.30104080,-83.69851000,RTK
160529.80,42.30104020,-83.69851070,RTK
160529.90,42.30103930,-83.69851120,RTK
160530.00,42.30103850,-83.69851170,Differential
160530.10,42.30103770,-83.69851220,Differential
160530.20,42.30103720,-83.69851280,Differential
160530.30,42.30103650,-83.69851330,Differential
160530.40,42.30103580,-83.69851400,Differential
160530.50,42.30103570,-83.69851470,RTK
160530.60,42.30103520,-83.69851550,RTK
160530.70,42.30103450,-83.69851670,RTK
160530.80,42.30103400,-83.69851730,RTK
160530.90,42.30103330,-83.69851800,RTK