161131.00,42.30107580,-83.69851030,GPS
161131.10,42.30107570,-83.69851080,GPS
161131.20,42.30107530,-83.69851130,GPS
161131.30,42.30107520,-83.69851130,GPS
161131.40,42.30107520,-83.69851150,GPS
161131.50,42.30107500,-83.69851150,GPS
161131.60,42.30107480,-83.69851150,GPS
161131.70,42.30107450,-83.69851170,GPS
161131.80,42.30107430,-83.69851170,GPS
161131.90,42.30107400,-83.69851150,GPS
161132.00,42.30107370,-83.69851130,GPS
161132.10,42.30107330,-83.69851130,GPS
161132.20,42.30107320,-83.69851120,GPS
161132.30,42.30107280,-83.69851080,GPS
161132.40,42.30107270,-83.69851070,GPS
161132.50,42.30107250,-83.69851030,GPS
161132.60,42.30107230,-83.69851030,GPS
161132.70,42.30107200,-83.69851030,GPS
161132.80,42.30107150,-83.69851050,GPS
161132.90,42.30107120,-83.69851100,GPS
161133.00,42.30107070,-83.69851150,GPS
161133.10,42.30107020,-83.69851200,GPS
161133.20,42.30106980,-83.69851250,GPS
161133.30,42.30106930,-83.69851280,GPS
161133.40,42.30106880,-83.69851280,GPS
161133.50,42.30106820,-83.69851320,GPS
161133.60,42.30106750,-83.69851330,GPS
161133.70,42.30106700,-83.69851320,GPS
161133.80,42.30106630,-83.69851320,GPS
161133.90,42.30106580,-83.69851320,GPS
161134.00,42.30106530,-83.69851300,GPS
161134.10,42.30106500,-83.69851280,GPS
161134.20,42.30106470,-83.69851300,GPS
161134.30,42.30106420,-83.69851330,GPS
161134.40,42.30106370,-83.69851380,GPS
161134.50,42.30106330,-83.69851420,GPS
161134.60,42.30106300,-83.69851470,GPS
161134.70,42.30106250,-83.69851480,GPS
161134.80,42.30106200,-83.69851500,GPS
161134.90,42.30106150,-83.69851530,GPS
161135.00,42.30106080,-83.69851580,GPS
161135.10,42.30106020,-83.69851630,GPS
161135.20,42.30105950,-83.69851680,GPS
161135.30,42.30105900,-83.69851730,GPS
161135.40,42.30105850,-83.69851750,GPS
161135.50,42.30105780,-83.69851780,GPS
161135.60,42.30105680,-83.69851820,GPS
161135.70,42.30105600,-83.69851850,GPS
161135.80,42.30105500,-83.69851900,GPS
161135.90,42.30105420,-83.69851920,GPS
161136.00,42.30105330,-83.69851950,GPS
161136.10,42.30105230,-83.69851970,GPS
161136.20,42.30105130,-83.69852020,GPS
161136.30,42.30105000,-83.69852070,GPS
161136.40,42.30104870,-83.69852130,GPS
161136.50,42.30104770,-83.69852180,GPS
161136.60,42.30104650,-83.69852220,GPS
161136.70,42.30104520,-83.69852220,GPS
161136.80,42.30104370,-83.69852220,GPS
161136.90,42.30104230,-83.69852200,GPS
161137.00,42.30104100,-83.69852220,GPS
161137.10,42.30103980,-83.69852200,GPS
161137.20,42.30103850,-83.69852220,GPS
161137.30,42.30103720,-83.69852270,GPS
161137.40,42.30103580,-83.69852330,GPS
161137.50,42.30103470,-83.69852400,GPS
161137.60,42.30103330,-83.69852470,GPS
161137.70,42.30103220,-83.69852500,GPS
161137.80,42.30103080,-83.69852530,GPS
161137.90,42.30102950,-83.69852550,GPS
161138.00,42.30102830,-83.69852530,GPS
161138.20,42.30102600,-83.69852500,GPS
161138.30,42.30102480,-83.69852480,GPS
161138.40,42.30102370,-83.69852500,GPS
161138.50,42.30102250,-83.69852530,GPS
161138.60,42.30102170,-83.69852570,GPS
161138.70,42.30102050,-83.69852570,GPS
161138.80,42.30101930,-83.69852570,GPS
161138.90,42.30101820,-83.69852570,GPS
161139.00,42.30101680,-83.69852570,GPS
161139.10,42.30101580,-83.69852530,GPS
161139.20,42.30101500,-83.69852480,GPS
161139.30,42.30101400,-83.69852450,GPS
161139.40,42.30101280,-83.69852400,GPS
161139.50,42.30101170,-83.69852380,GPS
161139.60,42.30101050,-83.69852370,GPS
161139.70,42.30100950,-83.69852350,GPS
161139.80,42.30100870,-83.69852330,GPS
161139.90,42.30100720,-83.69852330,GPS
161140.00,42.30100600,-83.69852350,GPS
161140.10,42.30100450,-83.69852330,GPS
161140.20,42.30100330,-83.69852330,GPS
161140.30,42.30100230,-83.69852300,GPS
161140.40,42.30100100,-83.69852300,GPS
161140.50,42.30099930,-83.69852300,GPS
161140.60,42.30099800,-83.69852300,GPS
161140.70,42.30099650,-83.69852330,GPS
161140.80,42.30099530,-83.69852350,GPS
161140.90,42.30099400,-83.69852380,GPS
161141.00,42.30099250,-83.69852400,GPS
161141.10,42.30099100,-83.69852420,GPS
161141.20,42.30098970,-83.69852400,GPS
161141.30,42.30098850,-83.69852400,GPS
161141.40,42.30098720,-83.69852380,GPS
161141.50,42.30098570,-83.69852370,GPS
161141.60,42.30098420,-83.69852380,GPS
161141.70,42.30098270,-83.69852400,GPS
161141.80,42.30098130,-83.69852430,GPS
161141.90,42.30098000,-83.69852450,GPS
161142.00,42.30097830,-83.69852470,GPS
161142.10,42.30097680,-83.69852470,GPS
161142.20,42.30097530,-83.69852470,GPS
161142.30,42.30097400,-83.69852480,GPS
161142.40,42.30097250,-83.69852480,GPS
161142.50,42.30097100,-83.69852480,GPS
161142.60,42.30096930,-83.69852500,GPS
161142.70,42.30096800,-83.69852530,GPS
161142.80,42.30096670,-83.69852550,GPS
161142.90,42.30096500,-83.69852530,GPS
161143.00,42.30096330,-83.69852550,GPS
161143.10,42.30096180,-83.69852550,GPS
161143.20,42.30096030,-83.69852520,GPS
161143.30,42.30095920,-83.69852480,GPS
161143.40,42.30095780,-83.69852450,GPS
161143.50,42.30095630,-83.69852430,GPS
161143.60,42.30095480,-83.69852420,GPS
161143.70,42.30095370,-83.69852420,GPS
161143.80,42.30095250,-83.69852430,GPS
161143.90,42.30095120,-83.69852420,GPS
161144.00,42.30094970,-83.69852450,GPS
161144.10,42.30094820,-83.69852480,GPS
161144.20,42.30094720,-83.69852480,GPS
161144.30,42.30094620,-83.69852450,GPS
161144.40,42.30094480,-83.69852470,GPS
161144.50,42.30094370,-83.69852450,GPS
161144.60,42.30094250,-83.69852450,GPS
161144.70,42.30094130,-83.69852500,GPS
161144.80,42.30094020,-83.69852500,GPS
161144.90,42.30093880,-83.69852520,GPS
161145.00,42.30093730,-83.69852530,GPS
161145.10,42.30093620,-83.69852550,GPS
161145.20,42.30093500,-83.69852550,GPS
161145.30,42.30093370,-83.69852570,GPS
161145.40,42.30093230,-83.69852550,GPS
161145.50,42.30093120,-83.69852520,GPS
161145.60,42.30093000,-83.69852520,GPS
161145.70,42.30092900,-83.69852530,GPS
161145.80,42.30092780,-83.69852550,GPS
161145.90,42.30092630,-83.69852550,GPS
161146.00,42.30092480,-83.69852600,GPS
161146.10,42.30092370,-83.69852620,GPS
161146.20,42.30092250,-83.69852620,GPS
161146.30,42.30092100,-83.69852620,GPS
161146.40,42.30091980,-83.69852600,GPS
161146.50,42.30091850,-83.69852580,GPS
161146.60,42.30091720,-83.69852600,GPS
161146.70,42.30091600,-83.69852630,GPS
161146.80,42.30091470,-83.69852650,GPS
161146.90,42.30091330,-83.69852650,GPS
161147.00,42.30091180,-83.69852670,GPS
161147.10,42.30091050,-83.69852700,GPS
161147.20,42.30090950,-83.69852680,GPS
161147.30,42.30090820,-83.69852680,GPS
161147.40,42.30090700,-83.69852670,GPS
161147.50,42.30090570,-83.69852670,GPS
161147.60,42.30090430,-83.69852680,GPS
161147.70,42.30090350,-83.69852700,GPS
161147.80,42.30090250,-83.69852680,GPS
161147.90,42.30090150,-83.69852650,GPS
161148.00,42.30090030,-83.69852620,GPS
161148.10,42.30089930,-83.69852620,GPS
161148.20,42.30089820,-83.69852630,GPS
161148.30,42.30089700,-83.69852630,GPS
161148.40,42.30089570,-83.69852620,GPS
161148.50,42.30089430,-83.69852630,GPS
161148.60,42.30089320,-83.69852680,GPS
161148.70,42.30089220,-83.69852720,GPS
161148.80,42.30089100,-83.69852730,GPS
161148.90,42.30089000,-83.69852780,GPS
161149.00,42.30088870,-83.69852800,GPS
161149.10,42.30088750,-83.69852800,GPS
161149.20,42.30088680,-83.69852780,GPS
161149.30,42.30088580,-83.69852780,GPS
161149.40,42.30088480,-83.69852780,GPS
161149.50,42.30088370,-83.69852800,GPS
161149.60,42.30088250,-83.69852820,GPS
161149.70,42.30088200,-83.69852820,GPS
161149.80,42.30088120,-83.69852870,GPS
161149.90,42.30088000,-83.69852850,GPS
161150.00,42.30087900,-83.69852870,GPS
161150.10,42.30087800,-83.69852880,GPS
161150.20,42.30087720,-83.69852930,GPS
161150.30,42.30087650,-83.69852970,GPS
161150.40,42.30087570,-83.69852980,GPS
161150.50,42.30087480,-83.69853020,GPS
161150.60,42.30087380,-83.69853070,GPS
161150.70,42.30087300,-83.69853100,GPS
161150.80,42.30087270,-83.69853150,GPS
161150.90,42.30087200,-83.69853170,GPS
161151.00,42.30087120,-83.69853180,GPS
161151.10,42.30087030,-83.69853250,GPS
161151.20,42.30086970,-83.69853330,GPS
161151.30,42.30086920,-83.69853380,GPS
161151.40,42.30086830,-83.69853450,GPS
161151.50,42.30086750,-83.69853520,GPS
161151.60,42.30086650,-83.69853620,GPS
161151.70,42.30086570,-83.69853720,GPS
161151.80,42.30086480,-83.69853800,GPS
161151.90,42.30086480,-83.69853900,GPS
161152.00,42.30086420,-83.69854020,GPS
161152.10,42.30086350,-83.69854130,GPS
161152.20,42.30086280,-83.69854270,GPS
161152.30,42.30086230,-83.69854430,GPS
161152.40,42.30086180,-83.69854530,GPS
161152.50,42.30086130,-83.69854630,GPS
161152.60,42.30086100,-83.69854780,GPS
161152.70,42.30086030,-83.69854980,GPS
161152.80,42.30086000,-83.69855150,GPS
161152.90,42.30085980,-83.69855300,GPS
161153.00,42.30085970,-83.69855470,GPS
161153.10,42.30085900,-83.69855650,GPS
161153.20,42.30085850,-83.69855830,GPS
161153.30,42.30085800,-83.69856050,GPS
161153.40,42.30085730,-83.69856200,GPS
161153.50,42.30085680,-83.69856350,GPS
161153.60,42.30085630,-83.69856530,GPS
161153.70,42.30085620,-83.69856720,GPS
161153.80,42.30085550,-83.69856900,GPS
161153.90,42.30085520,-83.69857070,GPS
161154.00,42.30085480,-83.69857200,GPS
161154.10,42.30085450,-83.69857350,GPS
161154.20,42.30085420,-83.69857530,GPS
161154.30,42.30085380,-83.69857680,GPS
161154.40,42.30085350,-83.69857850,GPS
161154.50,42.30085330,-83.69858000,GPS
161154.60,42.30085300,-83.69858180,GPS
161154.70,42.30085280,-83.69858400,GPS
161154.80,42.30085300,-83.69858600,GPS
161154.90,42.30085320,-83.69858770,GPS
161155.00,42.30085280,-83.69858950,GPS
161155.10,42.30085270,-83.69859170,GPS
161155.20,42.30085250,-83.69859370,GPS
161155.30,42.30085230,-83.69859520,GPS
161155.40,42.30085200,-83.69859700,GPS
161155.50,42.30085170,-83.69859900,GPS
161155.60,42.30085150,-83.69860100,GPS
161155.70,42.30085150,-83.69860300,GPS
161155.80,42.30085170,-83.69860450,GPS
161155.90,42.30085170,-83.69860630,GPS
161156.00,42.30085120,-83.69860850,GPS
161156.10,42.30085120,-83.69861080,GPS
161156.20,42.30085130,-83.69861300,GPS
161156.30,42.30085120,-83.69861470,GPS
161156.40,42.30085100,-83.69861650,GPS
161156.50,42.30085120,-83.69861830,GPS
161156.60,42.30085100,-83.69862020,GPS
161156.70,42.30085120,-83.69862220,GPS
161156.80,42.30085130,-83.69862420,GPS
161156.90,42.30085130,-83.69862620,GPS
161157.00,42.30085130,-83.69862850,GPS
161157.10,42.30085170,-83.69863050,GPS
161157.20,42.30085170,-83.69863200,GPS
161157.30,42.30085150,-83.69863420,GPS
161157.40,42.30085150,-83.69863600,GPS
161157.50,42.30085150,-83.69863820,GPS
161157.60,42.30085170,-83.69864030,GPS
161157.70,42.30085180,-83.69864170,GPS
161157.80,42.30085200,-83.69864330,GPS
161157.90,42.30085220,-83.69864550,GPS
161158.00,42.30085220,-83.69864770,GPS
161158.10,42.30085220,-83.69864980,GPS
161158.20,42.30085200,-83.69865180,GPS
161158.30,42.30085200,-83.69865370,GPS
161158.40,42.30085180,-83.69865570,GPS
161158.50,42.30085200,-83.69865730,GPS
161158.60,42.30085250,-83.69865920,GPS
161158.70,42.30085250,-83.69866070,GPS
161158.80,42.30085270,-83.69866270,GPS
161158.90,42.30085270,-83.69866480,GPS
161159.00,42.30085300,-83.69866670,GPS
161159.10,42.30085320,-83.69866870,GPS
161159.20,42.30085300,-83.69867050,GPS
161159.30,42.30085320,-83.69867220,GPS
161159.40,42.30085320,-83.69867420,GPS
161159.50,42.30085350,-83.69867580,GPS
161159.60,42.30085380,-83.69867770,GPS
161159.70,42.30085380,-83.69867920,GPS
161159.80,42.30085380,-83.69868120,GPS
161159.90,42.30085400,-83.69868330,GPS
161200.00,42.30085420,-83.69868520,GPS
161200.10,42.30085450,-83.69868700,GPS
161200.20,42.30085450,-83.69868880,GPS
161200.30,42.30085450,-83.69869080,GPS
161200.40,42.30085450,-83.69869270,GPS
161200.50,42.30085470,-83.69869430,GPS
161200.60,42.30085520,-83.69869580,GPS
161200.70,42.30085550,-83.69869730,GPS
161200.80,42.30085570,-83.69869880,GPS
161200.90,42.30085580,-83.69870080,GPS
161201.00,42.30085600,-83.69870270,GPS
161201.10,42.30085600,-83.69870450,GPS
161201.20,42.30085600,-83.69870600,GPS
161201.30,42.30085600,-83.69870780,GPS
161201.40,42.30085620,-83.69870950,GPS
161201.50,42.30085650,-83.69871100,GPS
161201.60,42.30085700,-83.69871200,GPS
161201.70,42.30085720,-83.69871370,GPS
161201.80,42.30085730,-83.69871520,GPS
161201.90,42.30085750,-83.69871680,GPS
161202.00,42.30085770,-83.69871800,GPS
161202.10,42.30085800,-83.69871900,GPS
161202.20,42.30085780,-83.69872050,GPS
161202.30,42.30085830,-83.69872200,GPS
161202.40,42.30085850,-83.69872370,GPS
161202.50,42.30085880,-83.69872500,GPS
161202.60,42.30085930,-83.69872600,GPS
161202.70,42.30085950,-83.69872730,GPS
161202.80,42.30085980,-83.69872880,GPS
161202.90,42.30086020,-83.69873050,GPS
161203.00,42.30086070,-83.69873200,GPS
161203.10,42.30086100,-83.69873300,GPS
161203.20,42.30086130,-83.69873450,GPS
161203.30,42.30086150,-83.69873550,GPS
161203.40,42.30086170,-83.69873670,GPS
161203.50,42.30086230,-83.69873820,GPS
161203.60,42.30086280,-83.69873920,GPS
161203.70,42.30086320,-83.69874000,GPS
161203.80,42.30086370,-83.69874080,GPS
161203.90,42.30086420,-83.69874220,GPS
161204.00,42.30086470,-83.69874330,GPS
161204.10,42.30086550,-83.69874420,GPS
161204.20,42.30086570,-83.69874470,GPS
161204.30,42.30086570,-83.69874480,GPS
161204.40,42.30086600,-83.69874520,GPS
161204.50,42.30086620,-83.69874550,GPS
161204.60,42.30086700,-83.69874570,GPS
161204.70,42.30086780,-83.69874530,GPS
161204.80,42.30086880,-83.69874530,GPS
161204.90,42.30087000,-83.69874530,GPS
161205.00,42.30087070,-83.69874530,GPS
161205.10,42.30087150,-83.69874550,GPS
161205.20,42.30087230,-83.69874550,GPS
161205.30,42.30087320,-83.69874570,GPS
161205.40,42.30087430,-83.69874570,GPS
161205.50,42.30087570,-83.69874570,GPS
161205.60,42.30087700,-83.69874600,GPS
161205.70,42.30087820,-83.69874580,GPS
161205.80,42.30087920,-83.69874580,GPS
161205.90,42.30088050,-83.69874600,GPS
161206.00,42.30088200,-83.69874630,GPS
161206.10,42.30088320,-83.69874650,GPS
161206.20,42.30088430,-83.69874680,GPS
161206.30,42.30088550,-83.69874700,GPS
161206.40,42.30088680,-83.69874720,GPS
161206.50,42.30088830,-83.69874730,GPS
161206.60,42.30088980,-83.69874770,GPS
161206.70,42.30089100,-83.69874780,GPS
161206.80,42.30089200,-83.69874820,GPS
161206.90,42.30089320,-83.69874850,GPS
161207.00,42.30089480,-83.69874880,GPS
161207.10,42.30089620,-83.69874880,GPS
161207.20,42.30089730,-83.69874930,GPS
161207.30,42.30089850,-83.69874970,GPS
161207.40,42.30089980,-83.69874980,GPS
161207.50,42.30090120,-83.69875030,GPS
161207.60,42.30090270,-83.69875070,GPS
161207.70,42.30090400,-83.69875070,GPS
161207.80,42.30090530,-83.69875070,GPS
161207.90,42.30090680,-83.69875070,GPS
161208.00,42.30090830,-83.69875070,GPS
161208.10,42.30090970,-83.69875030,GPS
161208.20,42.30091100,-83.69875050,GPS
161208.30,42.30091220,-83.69875030,GPS
161208.40,42.30091350,-83.69875030,GPS
161208.50,42.30091500,-83.69875070,GPS
161208.60,42.30091670,-83.69875070,GPS
161208.70,42.30091780,-83.69875070,GPS
161208.80,42.30091900,-83.69875100,GPS
161208.90,42.30092030,-83.69875130,GPS
161209.00,42.30092180,-83.69875130,GPS
161209.10,42.30092350,-83.69875120,GPS
161209.20,42.30092470,-83.69875150,GPS
161209.30,42.30092580,-83.69875170,GPS
161209.40,42.30092750,-83.69875170,GPS
161209.50,42.30092900,-83.69875170,GPS
161209.60,42.30093070,-83.69875150,GPS
161209.70,42.30093200,-83.69875120,GPS
161209.80,42.30093350,-83.69875080,GPS
161209.90,42.30093480,-83.69875070,GPS
161210.00,42.30093670,-83.69875070,GPS
161210.10,42.30093820,-83.69875050,GPS
161210.20,42.30093950,-83.69875050,GPS
161210.30,42.30094080,-83.69875030,GPS
161210.40,42.30094250,-83.69875030,GPS
161210.50,42.30094400,-83.69875020,GPS
161210.60,42.30094550,-83.69875020,GPS
161210.70,42.30094670,-83.69874980,GPS
161210.80,42.30094800,-83.69874970,GPS
161210.90,42.30094950,-83.69874950,GPS
161211.00,42.30095130,-83.69874930,GPS
161211.10,42.30095270,-83.69874930,GPS
161211.20,42.30095370,-83.69874920,GPS
161211.30,42.30095500,-83.69874880,GPS
161211.40,42.30095680,-83.69874870,GPS
161211.50,42.30095850,-83.69874880,GPS
161211.60,42.30095950,-83.69874830,GPS
161211.70,42.30096050,-83.69874800,GPS
161211.80,42.30096180,-83.69874780,GPS
161211.90,42.30096300,-83.69874770,GPS
161212.00,42.30096450,-83.69874720,GPS
161212.10,42.30096570,-83.69874730,GPS
161212.20,42.30096670,-83.69874730,GPS
161212.30,42.30096800,-83.69874700,GPS
161212.40,42.30096970,-83.69874700,GPS
161212.50,42.30097130,-83.69874680,GPS
161212.60,42.30097250,-83.69874670,GPS
161212.70,42.30097370,-83.69874680,GPS
161212.80,42.30097500,-83.69874650,GPS
161212.90,42.30097600,-83.69874630,GPS
161213.00,42.30097730,-83.69874620,GPS
161213.10,42.30097870,-83.69874650,GPS
161213.20,42.30097980,-83.69874670,GPS
161213.30,42.30098130,-83.69874670,GPS
161213.40,42.30098300,-83.69874700,GPS
161213.50,42.30098430,-83.69874730,GPS
161213.60,42.30098530,-83.69874720,GPS
161213.70,42.30098670,-83.69874700,GPS
161213.80,42.30098820,-83.69874700,GPS
161213.90,42.30098970,-83.69874720,GPS
161214.00,42.30099120,-83.69874700,GPS
161214.10,42.30099220,-83.69874730,GPS
161214.20,42.30099350,-83.69874730,GPS
161214.30,42.30099480,-83.69874730,GPS
161214.40,42.30099670,-83.69874750,GPS
161214.50,42.30099830,-83.69874750,GPS
161214.60,42.30099930,-83.69874770,GPS
161214.70,42.30100080,-83.69874730,GPS
161214.80,42.30100250,-83.69874750,GPS
161214.90,42.30100400,-83.69874750,GPS
161215.00,42.30100570,-83.69874720,GPS
161215.10,42.30100680,-83.69874720,GPS
161215.20,42.30100820,-83.69874720,GPS
161215.30,42.30100970,-83.69874720,GPS
161215.40,42.30101130,-83.69874720,GPS
161215.50,42.30101280,-83.69874700,GPS
161215.60,42.30101400,-83.69874650,GPS
161215.70,42.30101520,-83.69874630,GPS
161215.80,42.30101680,-83.69874620,GPS
161215.90,42.30101820,-83.69874620,GPS
161216.00,42.30101950,-83.69874600,GPS
161216.10,42.30102080,-83.69874600,GPS
161216.20,42.30102180,-83.69874600,GPS
161216.30,42.30102330,-83.69874600,GPS
161216.40,42.30102480,-83.69874580,GPS
161216.50,42.30102630,-83.69874570,GPS
161216.60,42.30102780,-83.69874530,GPS
161216.70,42.30102920,-83.69874480,GPS
161216.80,42.30103050,-83.69874450,GPS
161216.90,42.30103200,-83.69874430,GPS
161217.00,42.30103330,-83.69874430,GPS
161217.10,42.30103470,-83.69874370,GPS
161217.20,42.30103570,-83.69874330,GPS
161217.30,42.30103680,-83.69874300,GPS
161217.40,42.30103820,-83.69874250,GPS
161217.50,42.30103970,-83.69874200,GPS
161217.60,42.30104100,-83.69874170,GPS
161217.70,42.30104200,-83.69874100,GPS
161217.80,42.30104320,-83.69874050,GPS
161217.90,42.30104450,-83.69874020,GPS
161218.00,42.30104580,-83.69873980,GPS
161218.10,42.30104700,-83.69873930,GPS
161218.20,42.30104820,-83.69873880,GPS
161218.30,42.30104900,-83.69873880,GPS
161218.40,42.30105020,-83.69873850,GPS
161218.50,42.30105170,-83.69873830,GPS
161218.60,42.30105300,-83.69873800,GPS
161218.70,42.30105400,-83.69873730,GPS
161218.80,42.30105500,-83.69873700,GPS
161218.90,42.30105620,-83.69873700,GPS
161219.00,42.30105750,-83.69873630,GPS
161219.10,42.30105870,-83.69873580,GPS
161219.20,42.30106000,-83.69873550,GPS
161219.30,42.30106120,-83.69873500,GPS
161219.40,42.30106220,-83.69873450,GPS
161219.50,42.30106320,-83.69873380,GPS
161219.60,42.30106430,-83.69873320,GPS
161219.70,42.30106530,-83.69873250,GPS
161219.80,42.30106620,-83.69873150,GPS
161219.90,42.30106680,-83.69873070,GPS
161220.00,42.30106770,-83.69872950,GPS
161220.10,42.30106850,-83.69872830,GPS
161220.20,42.30106920,-83.69872700,GPS
161220.30,42.30106980,-83.69872580,GPS
161220.40,42.30107050,-83.69872480,GPS
161220.50,42.30107120,-83.69872350,GPS
161220.60,42.30107180,-83.69872220,GPS
161220.70,42.30107250,-83.69872070,GPS
161220.80,42.30107280,-83.69871930,GPS
161220.90,42.30107320,-83.69871800,GPS
161221.00,42.30107370,-83.69871650,GPS
161221.10,42.30107400,-83.69871500,GPS
161221.20,42.30107430,-83.69871330,GPS
161221.30,42.30107450,-83.69871170,GPS
161221.40,42.30107480,-83.69871020,GPS
161221.50,42.30107520,-83.69870870,GPS
161221.60,42.30107530,-83.69870720,GPS
161221.70,42.30107570,-83.69870530,GPS
161221.80,42.30107600,-83.69870350,GPS
161221.90,42.30107630,-83.69870200,GPS
161222.00,42.30107630,-83.69870030,GPS
161222.10,42.30107650,-83.69869870,GPS
161222.20,42.30107680,-83.69869700,GPS
161222.30,42.30107700,-83.69869520,GPS
161222.40,42.30107720,-83.69869370,GPS
161222.50,42.30107750,-83.69869250,GPS
161222.60,42.30107780,-83.69869100,GPS
161222.70,42.30107820,-83.69868950,GPS
161222.80,42.30107870,-83.69868780,GPS
161222.90,42.30107880,-83.69868630,GPS
161223.00,42.30107900,-83.69868480,GPS
161223.10,42.30107900,-83.69868320,GPS
161223.20,42.30107930,-83.69868150,GPS
161223.30,42.30107970,-83.69868000,GPS
161223.40,42.30107970,-83.69867830,GPS
161223.50,42.30108000,-83.69867700,GPS
161223.60,42.30108030,-83.69867580,GPS
161223.70,42.30108070,-83.69867420,GPS
161223.80,42.30108120,-83.69867250,GPS
161223.90,42.30108150,-83.69867100,GPS
161224.00,42.30108170,-83.69866970,GPS
161224.10,42.30108180,-83.69866850,GPS
161224.20,42.30108220,-83.69866680,GPS
161224.30,42.30108220,-83.69866520,GPS
161224.40,42.30108230,-83.69866370,GPS
161224.50,42.30108230,-83.69866230,GPS
161224.60,42.30108230,-83.69866070,GPS
161224.70,42.30108230,-83.69865880,GPS
161224.80,42.30108250,-83.69865720,GPS
161224.90,42.30108250,-83.69865520,GPS
161225.00,42.30108220,-83.69865330,GPS
161225.10,42.30108200,-83.69865200,GPS
161225.20,42.30108200,-83.69865020,GPS
161225.30,42.30108180,-83.69864820,GPS
161225.40,42.30108200,-83.69864620,GPS
161225.50,42.30108200,-83.69864480,GPS
161225.60,42.30108200,-83.69864300,GPS
161225.70,42.30108200,-83.69864120,GPS
161225.80,42.30108200,-83.69863900,GPS
161225.90,42.30108200,-83.69863700,GPS
161226.00,42.30108180,-83.69863530,GPS
161226.10,42.30108170,-83.69863380,GPS
161226.20,42.30108170,-83.69863180,GPS
161226.30,42.30108150,-83.69862980,GPS
161226.40,42.30108150,-83.69862830,GPS
161226.50,42.30108150,-83.69862680,GPS
161226.60,42.30108150,-83.69862500,GPS
161226.70,42.30108150,-83.69862280,GPS
161226.80,42.30108150,-83.69862080,GPS
161226.90,42.30108150,-83.69861920,GPS
161227.00,42.30108130,-83.69861750,GPS
161227.10,42.30108130,-83.69861550,GPS
161227.20,42.30108120,-83.69861350,GPS
161227.30,42.30108120,-83.69861130,GPS
161227.40,42.30108130,-83.69860950,GPS
161227.50,42.30108150,-83.69860820,GPS
161227.60,42.30108150,-83.69860630,GPS
161227.70,42.30108150,-83.69860430,GPS
161227.80,42.30108170,-83.69860230,GPS
161227.90,42.30108170,-83.69860070,GPS
161228.00,42.30108150,-83.69859930,GPS
161228.10,42.30108150,-83.69859770,GPS
161228.20,42.30108170,-83.69859580,GPS
161228.30,42.30108180,-83.69859380,GPS
161228.40,42.30108200,-83.69859200,GPS
161228.50,42.30108230,-83.69859050,GPS
161228.60,42.30108270,-83.69858880,GPS
161228.70,42.30108300,-83.69858680,GPS
161228.80,42.30108330,-83.69858480,GPS
161228.90,42.30108350,-83.69858300,GPS
161229.00,42.30108330,-83.69858150,GPS
161229.10,42.30108330,-83.69858000,GPS
161229.20,42.30108330,-83.69857780,GPS
161229.30,42.30108370,-83.69857570,GPS
161229.40,42.30108370,-83.69857400,GPS
161229.50,42.30108380,-83.69857270,GPS
161229.60,42.30108420,-83.69857100,GPS
161229.70,42.30108450,-83.69856920,GPS
161229.80,42.30108470,-83.69856730,GPS
161229.90,42.30108480,-83.69856530,GPS
161230.00,42.30108480,-83.69856380,GPS
161230.10,42.30108500,-83.69856220,GPS
161230.20,42.30108520,-83.69856030,GPS
161230.30,42.30108550,-83.69855780,GPS
161230.40,42.30108550,-83.69855600,GPS
161230.50,42.30108550,-83.69855430,GPS
161230.60,42.30108580,-83.69855270,GPS
161230.70,42.30108600,-83.69855120,GPS
161230.80,42.30108620,-83.69854930,GPS
161230.90,42.30108670,-83.69854730,GPS
161231.00,42.30108670,-83.69854570,GPS
161231.10,42.30108680,-83.69854430,GPS
161231.20,42.30108700,-83.69854270,GPS
161231.30,42.30108720,-83.69854070,GPS
161231.40,42.30108750,-83.69853850,GPS
161231.50,42.30108780,-83.69853700,GPS
161231.60,42.30108800,-83.69853570,GPS
161231.70,42.30108850,-83.69853400,GPS
161231.80,42.30108900,-83.69853220,GPS
161231.90,42.30108930,-83.69853070,GPS
161232.00,42.30108950,-83.69852880,GPS
161232.10,42.30108970,-83.69852730,GPS
161232.20,42.30108980,-83.69852600,GPS
161232.30,42.30109020,-83.69852420,GPS
161232.40,42.30109050,-83.69852230,GPS
161232.50,42.30109080,-83.69852030,GPS
161232.60,42.30109130,-83.69851920,GPS
161232.70,42.30109170,-83.69851830,GPS
161232.80,42.30109200,-83.69851700,GPS
161232.90,42.30109230,-83.69851570,GPS
161233.00,42.30109270,-83.69851450,GPS
161233.10,42.30109280,-83.69851300,GPS
161233.20,42.30109300,-83.69851170,GPS
161233.30,42.30109300,-83.69851030,GPS
161233.40,42.30109320,-83.69850850,GPS
161233.50,42.30109320,-83.69850670,GPS
161233.60,42.30109320,-83.69850520,GPS
161233.70,42.30109330,-83.69850370,GPS
161233.80,42.30109350,-83.69850200,GPS
161233.90,42.30109420,-83.69850050,GPS
161234.00,42.30109450,-83.69849880,GPS
161234.10,42.30109470,-83.69849720,GPS
161234.30,42.30109430,-83.69849430,GPS
161234.40,42.30109420,-83.69849280,GPS
161234.50,42.30109400,-83.69849130,GPS
161234.60,42.30109400,-83.69848980,GPS
161234.70,42.30109400,-83.69848870,GPS
161234.80,42.30109420,-83.69848750,GPS
161234.90,42.30109430,-83.69848620,GPS
161235.00,42.30109430,-83.69848470,GPS
161235.10,42.30109450,-83.69848320,GPS